0 0.731953 0.377037 0.014000 0.020519
0 0.866469 0.567519 0.032500 0.057926
0 0.919594 0.506741 0.007594 0.024741
0 0.908687 0.556630 0.005094 0.003556
0 0.972672 0.547352 0.012812 0.054333
0 0.988148 0.551370 0.018984 0.027926
0 0.809422 0.553981 0.030562 0.046630
0 0.754250 0.544833 0.026656 0.090333
0 0.739836 0.557148 0.020234 0.038074
0 0.812133 0.388907 0.026484 0.035296
0 0.786430 0.393130 0.022609 0.028852
0 0.760391 0.395167 0.016031 0.018185
0 0.879531 0.220907 0.016969 0.029074
0 0.497656 0.433333 0.995313 0.377778