0 0.689516 0.228044 0.010375 0.021194
0 0.634523 0.350457 0.015609 0.027471
0 0.526594 0.185059 0.007344 0.011663
0 0.453625 0.270597 0.007969 0.006393
0 0.393086 0.252143 0.018234 0.009672
0 0.440234 0.145550 0.023219 0.014005
0 0.631797 0.303162 0.012094 0.017049
0 0.738828 0.220468 0.018812 0.023513
0 0.576742 0.291838 0.010766 0.016136
0 0.594141 0.295094 0.016156 0.017775
0 0.377273 0.140878 0.011891 0.021382
0 0.303133 0.126827 0.009891 0.004801
0 0.296328 0.086991 0.010781 0.003864
0 0.328125 0.108899 0.087500 0.110070