0 0.660367 0.354803 0.012453 0.010394
0 0.358523 0.703116 0.021453 0.040074
0 0.958688 0.166724 0.021375 0.042709
0 0.642305 0.576712 0.022672 0.042586
0 0.507688 0.496527 0.018969 0.035419
0 0.478828 0.531195 0.018812 0.037266
0 0.491555 0.750603 0.016703 0.035690
0 0.626492 0.435591 0.012672 0.007980
0 0.707563 0.581182 0.024156 0.049704
0 0.722234 0.610394 0.013750 0.007143
0 0.940117 0.385160 0.013609 0.013473
0 0.770258 0.247697 0.021172 0.017808
0 0.392766 0.300099 0.023031 0.051970
0 0.502344 0.523399 0.970313 0.894089