1 0.326258 0.650647 0.138266 0.075882
1 0.610570 0.549929 0.045922 0.032894
1 0.667508 0.530941 0.037672 0.021224
1 0.723766 0.511412 0.022594 0.013788
1 0.801359 0.916835 0.223750 0.166329
1 0.457352 0.603471 0.064797 0.044165
1 0.895680 0.599282 0.080297 0.123082
1 0.693492 0.522235 0.031172 0.018353
1 0.769148 0.491059 0.030953 0.020376
1 0.891164 0.704765 0.075172 0.104776
1 0.745305 0.500400 0.027453 0.024329
1 0.877281 0.807353 0.092594 0.128212
1 0.920320 0.533871 0.043797 0.029529
1 0.880469 0.524706 0.132812 0.150588