0 0.470000 0.285215 0.041880 0.029015
0 0.599330 0.383598 0.048420 0.019773
0 0.563830 0.122689 0.033140 0.033359
0 0.851150 0.250101 0.032220 0.042828
0 0.074700 0.086616 0.047440 0.046313
0 0.115150 0.096124 0.045780 0.049268
0 0.126000 0.057576 0.039200 0.035354
0 0.246440 0.191591 0.023760 0.037020
0 0.279150 0.206086 0.028300 0.035101
0 0.409690 0.285354 0.030820 0.038081
0 0.426980 0.238308 0.034840 0.031414
0 0.462750 0.184306 0.034620 0.038914
0 0.710020 0.328788 0.018040 0.023586
0 0.503000 0.282828 0.978000 0.409091