0 0.495414 0.727484 0.023672 0.022906
0 0.596617 0.735906 0.040578 0.034437
0 0.099508 0.781305 0.048391 0.034984
0 0.282125 0.754898 0.016219 0.029672
0 0.069477 0.802586 0.068672 0.030734
0 0.626992 0.726797 0.025422 0.027563
0 0.617672 0.708023 0.027312 0.022172
0 0.917367 0.765055 0.057859 0.034016
1 0.727859 0.518398 0.220781 0.066016
1 0.486516 0.488766 0.182031 0.069656
1 0.363359 0.515102 0.048969 0.006391
1 0.106805 0.526938 0.015828 0.026750
0 0.224102 0.734672 0.038984 0.017719
1 0.232367 0.511328 0.073203 0.018219
1 0.878297 0.596383 0.178812 0.133859
1 0.017844 0.530211 0.035687 0.039578
0 0.499062 0.744672 0.044219 0.018625