1 0.754773 0.879007 0.167484 0.241986
1 0.690219 0.703475 0.070062 0.104255
1 0.684586 0.705461 0.061203 0.049362
1 0.357344 0.874291 0.081281 0.163617
1 0.409031 0.729326 0.077875 0.410567
1 0.450977 0.818298 0.087016 0.144681
1 0.528539 0.716667 0.036891 0.059858
1 0.317625 0.734291 0.043875 0.092837
1 0.283281 0.762199 0.034594 0.096738
1 0.482570 0.756596 0.058891 0.106099
1 0.553195 0.668901 0.050484 0.061773
1 0.866617 0.791028 0.055547 0.054681
1 0.605938 0.623723 0.024813 0.043191
1 0.609375 0.726950 0.431250 0.347518