1 0.466469 0.392854 0.080500 0.034083
1 0.142883 0.409458 0.015609 0.016208
1 0.197180 0.413240 0.022016 0.011938
1 0.674969 0.682042 0.650062 0.635917
1 0.096086 0.413094 0.025078 0.021104
1 0.342625 0.412042 0.020219 0.009250
1 0.219508 0.414563 0.011859 0.002958
1 0.152461 0.409010 0.019266 0.025687
1 0.036961 0.410063 0.032859 0.031208
1 0.067945 0.412125 0.024766 0.021917
1 0.124492 0.414177 0.023609 0.017896
1 0.336227 0.403948 0.085297 0.023729
1 0.244102 0.411354 0.015172 0.006417
1 0.312500 0.400000 0.625000 0.062500