1 0.448734 0.757735 0.607281 0.456174
1 0.728852 0.791021 0.542297 0.408991
1 0.255203 0.742371 0.510406 0.464131
1 0.126391 0.640458 0.252781 0.426972
1 0.720969 0.541197 0.412844 0.206761
1 0.790523 0.323592 0.294672 0.278638
1 0.464719 0.263908 0.339406 0.277629
1 0.889992 0.103369 0.191453 0.179789
1 0.325109 0.080951 0.122406 0.140305
1 0.872281 0.594413 0.255437 0.218404
1 0.917453 0.401232 0.165094 0.219742
1 0.373695 0.236995 0.356391 0.187183
1 0.624250 0.301338 0.342187 0.275915
1 0.499219 0.316901 0.998437 0.633803