0 0.291609 0.671878 0.130031 0.156243
1 0.672328 0.472500 0.543156 0.301298
1 0.228789 0.429213 0.442328 0.179751
1 0.740750 0.358232 0.518500 0.192486
0 0.201945 0.527238 0.176484 0.054641
0 0.501781 0.715801 0.167063 0.155193
0 0.490266 0.514627 0.118531 0.171796
0 0.169055 0.484710 0.129641 0.044945
0 0.771250 0.953826 0.062938 0.050304
0 0.326891 0.516464 0.124562 0.064862
0 0.045836 0.681878 0.091672 0.194365
0 0.817492 0.941077 0.050141 0.045635
0 0.947477 0.955345 0.054328 0.041298
0 0.128781 0.792030 0.087750 0.058646
1 0.851656 0.377417 0.098312 0.095552
1 0.054914 0.469627 0.108609 0.184724
1 0.868180 0.239890 0.263641 0.139834
0 0.164727 0.578370 0.075328 0.093757
0 0.309156 0.938688 0.071719 0.062680
0 0.402344 0.509669 0.751563 0.251381