0 0.180260 0.803049 0.048760 0.049046
0 0.163920 0.681431 0.038040 0.060780
1 0.851470 0.536676 0.297060 0.130925
1 0.619690 0.789884 0.670220 0.182023
1 0.574540 0.366720 0.213680 0.069624
1 0.800220 0.376445 0.240560 0.050694
0 0.923080 0.615491 0.030080 0.040405
0 0.726990 0.595087 0.038460 0.059711
0 0.537930 0.418815 0.060140 0.023064
0 0.661230 0.169162 0.030700 0.030636
0 0.223050 0.864090 0.026740 0.046387
0 0.887290 0.133656 0.016300 0.011416
0 0.260980 0.549855 0.047040 0.030058
0 0.841830 0.608512 0.036660 0.072919
0 0.628170 0.942269 0.026260 0.043439
0 0.618130 0.885578 0.035380 0.043121
0 0.675280 0.905173 0.024680 0.021561
0 0.729400 0.899538 0.029440 0.023526
1 0.806840 0.347298 0.205360 0.054249
1 0.526720 0.329783 0.181520 0.048353
0 0.405200 0.535318 0.039240 0.033295
1 0.056570 0.644234 0.111900 0.085058
0 0.532000 0.469653 0.820000 0.893064