0 0.799305 0.536687 0.022422 0.037000
0 0.786602 0.519875 0.015672 0.044792
0 0.684086 0.510135 0.038953 0.024687
0 0.591078 0.487531 0.027125 0.031229
0 0.521219 0.490448 0.025594 0.026646
0 0.391078 0.489104 0.026906 0.018625
0 0.415484 0.455094 0.011625 0.030562
0 0.484258 0.449260 0.028203 0.036021
0 0.755383 0.704677 0.023391 0.043896
0 0.458516 0.476625 0.022344 0.028958
0 0.715867 0.653146 0.031547 0.036750
0 0.642305 0.667719 0.020578 0.045729
0 0.910484 0.039781 0.050000 0.023646
0 0.361102 0.532344 0.042109 0.036563
0 0.536578 0.545490 0.031344 0.032646
0 0.928086 0.546094 0.039047 0.050146
0 0.934484 0.515844 0.035187 0.046229
0 0.648836 0.603115 0.036484 0.035062
0 0.962750 0.634104 0.023781 0.041208
0 0.719414 0.540646 0.027578 0.037917
0 0.631320 0.449281 0.010172 0.031688
0 0.441195 0.468781 0.009484 0.018646
0 0.314727 0.365521 0.039703 0.039583
0 0.905336 0.711250 0.047203 0.054667
0 0.612531 0.513844 0.026781 0.048271
0 0.523438 0.484375 0.950000 0.931250