0 0.291891 0.862871 0.061719 0.070837
0 0.090664 0.696502 0.051266 0.098859
0 0.215891 0.806673 0.055437 0.056844
0 0.195508 0.782605 0.030297 0.039354
0 0.213664 0.616502 0.046391 0.116578
0 0.146219 0.724087 0.035437 0.047567
0 0.383984 0.422300 0.027844 0.127034
0 0.112430 0.554943 0.032172 0.069202
1 0.537453 0.231464 0.786781 0.458441
0 0.173203 0.671635 0.019469 0.041217
0 0.466242 0.666806 0.028641 0.073764
0 0.500781 0.530114 0.031875 0.041369
0 0.284453 0.602319 0.025812 0.097262
0 0.148820 0.704962 0.029422 0.036464
0 0.108281 0.638916 0.028187 0.062015
0 0.032125 0.535171 0.049531 0.096122
0 0.562500 0.532319 0.871875 0.699620