0 0.453490 0.405008 0.317729 0.100078
0 0.163792 0.077586 0.321833 0.153016
0 0.594052 0.605242 0.052146 0.015891
0 0.119333 0.647320 0.229250 0.107578
0 0.814385 0.664172 0.268688 0.130031
0 0.711729 0.706727 0.210958 0.041578
0 0.481719 0.741937 0.303937 0.090312
0 0.593917 0.824227 0.182625 0.051359
0 0.689667 0.563828 0.474042 0.119625
0 0.868510 0.842477 0.198979 0.101703
0 0.543375 0.906445 0.220792 0.135484
0 0.113344 0.840578 0.057688 0.057437
0 0.873448 0.457781 0.253104 0.102250
0 0.342646 0.895617 0.185208 0.067422
0 0.498958 0.538281 0.997917 0.920312