0 0.862906 0.894397 0.032844 0.052111
0 0.485523 0.881608 0.026766 0.035226
0 0.684594 0.838656 0.017656 0.029221
0 0.725234 0.830188 0.020656 0.034548
0 0.824344 0.861118 0.028375 0.024749
0 0.964195 0.847349 0.032453 0.029121
0 0.488633 0.344987 0.024453 0.020628
0 0.638914 0.881734 0.012547 0.022764
0 0.678133 0.891985 0.016828 0.044673
0 0.722125 0.886847 0.028906 0.043090
0 0.798336 0.900151 0.038734 0.036935
0 0.741508 0.842249 0.017859 0.021332
0 0.702789 0.842236 0.023078 0.024472
0 0.474219 0.917085 0.945312 0.160804