0 0.498850 0.124337 0.026300 0.060000
0 0.610990 0.572756 0.039780 0.078645
0 0.602140 0.156114 0.023480 0.054157
0 0.448380 0.543012 0.028560 0.066687
0 0.539690 0.544925 0.057180 0.066476
0 0.669600 0.576898 0.029160 0.060723
0 0.687970 0.611325 0.031940 0.089940
0 0.728390 0.671672 0.035940 0.048584
0 0.333090 0.590286 0.048220 0.082801
0 0.151270 0.654654 0.044780 0.048645
0 0.337180 0.135256 0.027160 0.057259
0 0.749480 0.698780 0.042920 0.043705
0 0.560510 0.150798 0.024020 0.048705
0 0.466780 0.115271 0.036720 0.063012
0 0.446030 0.120437 0.017940 0.057139
0 0.713330 0.742545 0.066540 0.262139
0 0.688510 0.794398 0.043060 0.053675
0 0.268620 0.209789 0.033440 0.069819
0 0.473000 0.587349 0.682000 0.819277