0 0.374687 0.102717 0.010000 0.011403
0 0.355984 0.099477 0.011625 0.013163
0 0.126672 0.092494 0.006250 0.018085
0 0.023055 0.107784 0.016297 0.013831
0 0.387273 0.097728 0.012703 0.016927
0 0.204633 0.096492 0.013922 0.011915
0 0.323336 0.105045 0.008766 0.012494
0 0.242359 0.100991 0.009344 0.009733
0 0.254664 0.100078 0.006547 0.009733
0 0.303328 0.102227 0.019719 0.013452
0 0.329727 0.100290 0.009203 0.015635
0 0.338836 0.097472 0.010141 0.018775
0 0.615164 0.098007 0.014859 0.018641
0 0.397141 0.099666 0.010531 0.015011
0 0.586789 0.098898 0.012141 0.020200
0 0.176914 0.092439 0.008828 0.019755
0 0.429477 0.103898 0.012203 0.016481
0 0.193398 0.097450 0.010453 0.008931
0 0.095891 0.092038 0.011125 0.016726
0 0.119219 0.091626 0.011656 0.012428
0 0.151492 0.098241 0.004797 0.012784
0 0.195289 0.112316 0.009891 0.007617
0 0.321094 0.102450 0.570312 0.035635