1 0.565352 0.914750 0.207953 0.115833
1 0.778227 0.890010 0.177391 0.084604
1 0.569578 0.837000 0.164187 0.081125
1 0.166117 0.754958 0.083734 0.113583
1 0.946633 0.743812 0.106734 0.337083
1 0.337133 0.709354 0.124359 0.498542
1 0.256805 0.754010 0.057109 0.271687
1 0.463922 0.661563 0.071750 0.265750
1 0.858852 0.820604 0.087453 0.091167
1 0.704391 0.827698 0.118250 0.099104
1 0.405625 0.848521 0.100031 0.101375
1 0.311070 0.695510 0.077047 0.226104
1 0.460062 0.725906 0.071250 0.051104
1 0.173437 0.631250 0.215625 0.362500