1 0.746602 0.679192 0.459047 0.155534
1 0.511328 0.677781 0.053812 0.032822
1 0.196531 0.623370 0.045656 0.118795
1 0.351719 0.623027 0.054625 0.118000
1 0.030859 0.614904 0.048812 0.111452
1 0.535836 0.600288 0.043641 0.146438
1 0.241398 0.647753 0.046703 0.010959
1 0.439086 0.645219 0.047297 0.023370
1 0.973547 0.657137 0.039719 0.020411
1 0.810352 0.632699 0.038266 0.096082
1 0.856398 0.661575 0.058047 0.020027
1 0.218789 0.659137 0.056016 0.011205
1 0.318937 0.601726 0.033906 0.119507
1 0.884375 0.626027 0.228125 0.052055