1 0.646680 0.620773 0.706641 0.470445
1 0.778867 0.334145 0.442266 0.157283
1 0.877406 0.279813 0.245187 0.206792
1 0.587938 0.242166 0.152812 0.075902
1 0.174227 0.430386 0.348453 0.178478
1 0.155969 0.350585 0.311937 0.118548
1 0.099711 0.329532 0.199422 0.080749
1 0.356109 0.250855 0.027312 0.017775
1 0.408719 0.246124 0.027500 0.021382
1 0.760773 0.485363 0.478453 0.129461
1 0.506164 0.256347 0.044641 0.034473
1 0.502469 0.709883 0.995063 0.540749
1 0.436508 0.245703 0.029672 0.021756
1 0.541406 0.235363 0.523438 0.072600