0 0.200914 0.869948 0.072672 0.101521
0 0.844734 0.845792 0.073844 0.146208
0 0.210391 0.790302 0.067750 0.151271
0 0.268406 0.796115 0.075563 0.223604
0 0.722781 0.747000 0.071719 0.104667
0 0.894656 0.859844 0.077406 0.174479
0 0.780547 0.820656 0.100656 0.140437
0 0.741187 0.806375 0.101406 0.152958
0 0.648969 0.788344 0.104313 0.152563
0 0.521195 0.774719 0.071797 0.141729
0 0.604766 0.728490 0.051469 0.088104
0 0.052438 0.775344 0.060469 0.165479
0 0.152969 0.765427 0.049688 0.185438
0 0.501563 0.813542 0.993750 0.335417