1 0.271500 0.890647 0.029406 0.047188
1 0.858789 0.837165 0.038828 0.056473
1 0.919937 0.896071 0.040688 0.026339
1 0.419344 0.940357 0.040969 0.030268
1 0.439437 0.812567 0.022750 0.046384
1 0.069102 0.917679 0.027641 0.062232
1 0.191867 0.847835 0.038797 0.189777
1 0.028773 0.919554 0.032047 0.028482
1 0.129312 0.856741 0.039750 0.058750
1 0.244922 0.930379 0.041750 0.032634
1 0.303805 0.910335 0.027922 0.033438
1 0.748391 0.868571 0.066469 0.069196
1 0.354969 0.926451 0.033000 0.011562
1 0.603125 0.832589 0.775000 0.209821