0 0.285320 0.904282 0.019047 0.044188
0 0.267039 0.894824 0.025672 0.032706
0 0.564305 0.470800 0.016422 0.031388
0 0.671570 0.453941 0.016328 0.021953
0 0.629109 0.465376 0.027375 0.043929
0 0.502734 0.204541 0.025438 0.021600
0 0.823016 0.438788 0.023688 0.049200
0 0.709078 0.448200 0.025031 0.026000
0 0.536859 0.194576 0.042344 0.019271
0 0.859156 0.440259 0.017563 0.033882
0 0.586664 0.461859 0.012453 0.018729
0 0.601758 0.460435 0.009891 0.021153
0 0.756664 0.433024 0.017359 0.018612
0 0.379633 0.487212 0.006516 0.012118
0 0.338031 0.487682 0.014406 0.015459
0 0.315563 0.490224 0.020594 0.014329
0 0.561820 0.609471 0.006578 0.010753
0 0.789844 0.457647 0.198437 0.063529