1 0.680477 0.233879 0.109328 0.132757
1 0.703844 0.346157 0.155656 0.094883
1 0.491320 0.285105 0.055547 0.026659
1 0.588570 0.270654 0.079203 0.056308
1 0.449008 0.191320 0.118609 0.199182
1 0.344703 0.250561 0.090719 0.064065
1 0.274297 0.228785 0.107719 0.068224
1 0.774531 0.230923 0.099937 0.135491
1 0.871336 0.237021 0.049766 0.132874
1 0.067664 0.188797 0.119984 0.045771
1 0.550977 0.248820 0.034609 0.042547
1 0.955695 0.226449 0.088609 0.076869
1 0.800570 0.460911 0.132203 0.051495
1 0.564844 0.294393 0.832812 0.359813