0 0.520742 0.955920 0.035609 0.062358
0 0.479852 0.489399 0.110141 0.074929
0 0.757250 0.927960 0.024219 0.088184
0 0.243469 0.415236 0.079312 0.060377
0 0.372852 0.517347 0.121297 0.093514
0 0.108727 0.470472 0.143172 0.037594
0 0.689148 0.514965 0.095953 0.083561
0 0.785508 0.238514 0.106734 0.032594
0 0.526734 0.562453 0.143594 0.113726
0 0.171648 0.806073 0.100578 0.079458
0 0.858477 0.599976 0.125016 0.060896
0 0.528523 0.297948 0.115328 0.069387
0 0.146523 0.586144 0.098453 0.068137
0 0.386297 0.349151 0.094250 0.080472
0 0.750180 0.432771 0.129203 0.095873
0 0.047289 0.750507 0.094422 0.046910
0 0.835695 0.568809 0.152953 0.045354
0 0.673672 0.580212 0.111656 0.060660
0 0.321930 0.657406 0.161953 0.080708
0 0.500000 0.567217 0.996875 0.860849