1 0.888750 0.522729 0.217875 0.088042
1 0.724508 0.563479 0.113109 0.043167
1 0.984141 0.459094 0.031719 0.040354
1 0.327180 0.466177 0.036641 0.034771
1 0.442375 0.446187 0.023500 0.013167
1 0.943508 0.453052 0.071641 0.040229
1 0.792711 0.469177 0.058922 0.021229
1 0.796180 0.440385 0.040359 0.019646
1 0.363859 0.443531 0.047375 0.022688
1 0.499641 0.393354 0.038719 0.100667
1 0.628305 0.447677 0.043109 0.040021
1 0.540719 0.431385 0.054406 0.033521
1 0.759750 0.442125 0.062187 0.020458
1 0.515625 0.453125 0.806250 0.085417