1 0.610812 0.681545 0.197563 0.106738
1 0.797086 0.696073 0.146766 0.088627
1 0.443391 0.712060 0.064375 0.104549
1 0.358164 0.616341 0.080422 0.089077
1 0.052133 0.599764 0.103609 0.046352
1 0.168555 0.670322 0.125547 0.284549
1 0.586531 0.535333 0.089063 0.051652
1 0.136930 0.537157 0.159078 0.045043
1 0.352805 0.471384 0.054859 0.050107
1 0.054281 0.494560 0.104875 0.190536
1 0.567633 0.616953 0.072203 0.052275
1 0.463281 0.560182 0.077500 0.088691
1 0.404961 0.524399 0.049578 0.060258
1 0.977547 0.543433 0.044906 0.027253