1 0.179992 0.736938 0.359359 0.121917
1 0.276461 0.724708 0.142453 0.072750
1 0.421094 0.691292 0.094594 0.133667
1 0.964672 0.733167 0.070656 0.229875
1 0.913547 0.746448 0.085094 0.065937
1 0.492281 0.706198 0.026500 0.069229
1 0.770789 0.675115 0.034797 0.045562
1 0.396687 0.745646 0.038781 0.035833
1 0.502062 0.690625 0.092781 0.079083
1 0.821750 0.705146 0.031625 0.010125
1 0.801359 0.660844 0.037094 0.089938
1 0.343539 0.728344 0.037797 0.020104
1 0.510148 0.681635 0.084984 0.043188
1 0.608594 0.596875 0.779687 0.397917