0 0.166492 0.546333 0.025859 0.023708
0 0.146898 0.501062 0.030453 0.049542
0 0.181625 0.534344 0.025406 0.023062
0 0.144664 0.567896 0.024234 0.015083
0 0.381750 0.502146 0.025469 0.033375
0 0.304016 0.508000 0.023563 0.030583
0 0.569492 0.517448 0.020984 0.027979
0 0.596773 0.192812 0.039891 0.028708
0 0.935844 0.481917 0.049812 0.056208
0 0.919594 0.329802 0.040719 0.060062
0 0.325078 0.506219 0.020094 0.012354
0 0.639484 0.470813 0.020313 0.036208
0 0.855813 0.440521 0.046375 0.045375
0 0.760594 0.429521 0.036594 0.028500
0 0.439180 0.566344 0.019422 0.014937
0 0.151656 0.552198 0.012844 0.010229
0 0.198875 0.610062 0.034125 0.056208
0 0.422547 0.459760 0.022000 0.031729
0 0.497656 0.605208 0.995313 0.552083