0 0.558641 0.852885 0.030875 0.034979
0 0.534758 0.787948 0.103766 0.060021
0 0.364922 0.678167 0.036625 0.026125
0 0.442555 0.667052 0.047828 0.050146
0 0.485211 0.807531 0.058234 0.076604
0 0.318070 0.787594 0.041422 0.041188
0 0.361320 0.782510 0.041047 0.030437
0 0.215430 0.719073 0.037359 0.049813
0 0.355547 0.639615 0.026219 0.039729
0 0.333281 0.602604 0.025750 0.043625
0 0.336992 0.778156 0.010641 0.024646
0 0.452969 0.843448 0.032937 0.055438
0 0.417992 0.229208 0.039859 0.037208
0 0.550000 0.548958 0.703125 0.897917