0 0.324813 0.361094 0.049938 0.057000
0 0.937945 0.467773 0.073797 0.066609
0 0.827109 0.673805 0.013406 0.018266
0 0.058719 0.960227 0.057156 0.048859
0 0.109984 0.945117 0.057375 0.072641
0 0.421523 0.231328 0.026922 0.019688
0 0.413445 0.222336 0.089891 0.041297
0 0.845570 0.044273 0.142328 0.062266
0 0.493875 0.122648 0.112750 0.059859
0 0.169203 0.019891 0.130031 0.039781
0 0.695469 0.064805 0.099594 0.034234
0 0.844227 0.915242 0.049391 0.073547
0 0.613352 0.194906 0.152859 0.033687
0 0.544531 0.349219 0.907813 0.660937