0 0.540414 0.468236 0.128734 0.269028
0 0.414797 0.498528 0.136594 0.262056
0 0.153898 0.360347 0.260203 0.256472
0 0.379844 0.815736 0.082156 0.148306
0 0.501164 0.820625 0.211016 0.174639
0 0.546609 0.843931 0.044625 0.091139
0 0.652289 0.835472 0.079328 0.122833
0 0.747445 0.827236 0.060984 0.094861
0 0.675633 0.415736 0.180766 0.373028
0 0.826727 0.611236 0.127047 0.064528
0 0.868445 0.848500 0.068734 0.125667
0 0.815781 0.844292 0.054406 0.124361
0 0.267211 0.746694 0.118234 0.148333
0 0.455469 0.579167 0.729688 0.647222