0 0.221164 0.397199 0.012016 0.023499
0 0.214883 0.402887 0.015766 0.037323
0 0.641469 0.522228 0.012094 0.028776
0 0.581711 0.452658 0.020984 0.040688
0 0.597578 0.412141 0.011594 0.034455
0 0.293656 0.381482 0.015938 0.027476
0 0.499992 0.468537 0.017391 0.027820
0 0.547266 0.429426 0.013000 0.032161
0 0.572250 0.425277 0.020719 0.034532
0 0.205781 0.366816 0.011031 0.014359
0 0.074789 0.400229 0.015172 0.035679
0 0.474078 0.505143 0.018344 0.031778
0 0.064758 0.406568 0.013609 0.026482
0 0.503125 0.667304 0.990625 0.661568