0 0.556320 0.123998 0.012203 0.011156
0 0.387844 0.027748 0.007750 0.010542
0 0.280195 0.191427 0.008047 0.009222
0 0.600016 0.028868 0.007750 0.009858
0 0.537562 0.198998 0.004188 0.006297
0 0.302445 0.142866 0.004172 0.007193
0 0.539047 0.260566 0.003719 0.004811
0 0.944063 0.222771 0.004656 0.004646
0 0.895344 0.281167 0.003531 0.004269
0 0.782273 0.195814 0.010641 0.012618
0 0.651578 0.250920 0.013375 0.004906
0 0.531484 0.276167 0.005687 0.010448
0 0.504500 0.263561 0.003875 0.004340
0 0.439063 0.152123 0.334375 0.280660