1 0.143164 0.568372 0.203422 0.100539
1 0.411055 0.499672 0.142578 0.073443
1 0.715531 0.446733 0.122656 0.044473
1 0.588492 0.456756 0.129453 0.030843
1 0.701836 0.519696 0.190359 0.072787
1 0.767852 0.398279 0.083234 0.073279
1 0.627367 0.389649 0.133734 0.051803
1 0.507344 0.356569 0.060500 0.030656
1 0.449555 0.438689 0.176547 0.100796
1 0.035078 0.418876 0.069281 0.053583
1 0.101234 0.285960 0.120063 0.206768
1 0.385844 0.343735 0.048375 0.030422
1 0.249422 0.522822 0.203906 0.094356
1 0.378125 0.339578 0.756250 0.337237