1 0.931310 0.736955 0.133700 0.267582
1 0.760060 0.591821 0.241840 0.366328
0 0.251250 0.958478 0.016420 0.022388
0 0.500000 0.967358 0.012920 0.022239
0 0.182850 0.026388 0.020860 0.028358
1 0.501260 0.569612 0.320920 0.454328
1 0.274740 0.550358 0.246280 0.484716
0 0.802290 0.073209 0.012660 0.018716
0 0.432300 0.990448 0.012040 0.018985
0 0.690340 0.089791 0.003880 0.021493
0 0.272990 0.164313 0.003820 0.008269
0 0.392150 0.129567 0.007740 0.012209
0 0.601790 0.183687 0.006100 0.010657
0 0.926350 0.128657 0.017940 0.016478
0 0.157790 0.125418 0.006020 0.015791