1 0.863586 0.749602 0.083234 0.026557
1 0.682820 0.666792 0.045453 0.122576
1 0.751937 0.724543 0.095594 0.081546
1 0.817133 0.668232 0.062328 0.142693
1 0.230430 0.644227 0.086359 0.179040
1 0.434703 0.664204 0.081219 0.124707
1 0.355547 0.671077 0.025281 0.042576
1 0.335008 0.657693 0.020547 0.056230
1 0.528336 0.658782 0.018953 0.039813
1 0.035820 0.670609 0.019484 0.018361
1 0.136148 0.661335 0.023953 0.039766
1 0.285719 0.657670 0.014063 0.041756
1 0.300531 0.658653 0.015219 0.035199
1 0.581250 0.681499 0.821875 0.065574