0 0.261313 0.266979 0.007406 0.008150
0 0.207938 0.297354 0.010406 0.009133
0 0.239594 0.257799 0.010312 0.006230
0 0.272016 0.253583 0.011125 0.009133
0 0.321875 0.236815 0.010875 0.010398
0 0.374242 0.233208 0.015078 0.013302
0 0.046477 0.339321 0.011984 0.017986
0 0.163422 0.306944 0.009781 0.012389
0 0.349766 0.233337 0.012812 0.013419
0 0.244133 0.444040 0.003016 0.011311
0 0.269484 0.382026 0.005469 0.009906
0 0.750031 0.311756 0.006031 0.004543
0 0.227109 0.289965 0.010406 0.010890
0 0.518750 0.387588 0.884375 0.316159