0 0.213640 0.962875 0.148368 0.074063
0 0.286862 0.894047 0.084393 0.069656
0 0.316904 0.832320 0.099163 0.045328
0 0.059059 0.663766 0.046276 0.036719
0 0.139226 0.693211 0.034854 0.041828
0 0.158190 0.724867 0.057218 0.056172
0 0.179027 0.759477 0.083159 0.056297
0 0.189320 0.862984 0.063075 0.099031
0 0.278368 0.783398 0.086736 0.061266
0 0.566810 0.935062 0.125460 0.043469
0 0.414759 0.571367 0.075711 0.068422
0 0.071715 0.837359 0.092092 0.064562
0 0.738703 0.966187 0.136904 0.057844
0 0.397531 0.630383 0.028326 0.026641
0 0.497908 0.731250 0.991632 0.428125