0 0.286300 0.719507 0.044000 0.053520
0 0.267670 0.790120 0.039380 0.036133
0 0.299860 0.796827 0.018640 0.031253
0 0.299570 0.637027 0.037660 0.047600
0 0.332660 0.329000 0.031960 0.036453
0 0.294720 0.537920 0.028400 0.047680
0 0.307260 0.436627 0.028440 0.051067
0 0.274600 0.447067 0.022760 0.029067
0 0.170160 0.601080 0.046760 0.049467
0 0.214640 0.463973 0.016400 0.035733
0 0.160460 0.531773 0.027040 0.036027
0 0.261090 0.721400 0.023900 0.060827
0 0.174360 0.465440 0.039240 0.036053
0 0.499000 0.624000 0.998000 0.629333