1 0.733445 0.723889 0.098672 0.038278
1 0.912461 0.666708 0.052828 0.033250
1 0.868344 0.716736 0.100437 0.064750
1 0.653609 0.651833 0.046719 0.030167
1 0.536336 0.696542 0.068484 0.051361
1 0.470094 0.707667 0.082594 0.038111
1 0.378117 0.745403 0.094984 0.040417
1 0.244344 0.734778 0.080219 0.040833
1 0.562594 0.675861 0.106000 0.054833
1 0.698086 0.673153 0.032922 0.054139
1 0.747008 0.666569 0.079484 0.108639
1 0.931766 0.721778 0.044562 0.026722
1 0.942422 0.702500 0.098562 0.035056
1 0.557813 0.680556 0.612500 0.155556