0 0.661391 0.411469 0.011844 0.007687
0 0.862953 0.395555 0.013562 0.007453
0 0.838961 0.326359 0.022234 0.009375
0 0.770250 0.254281 0.016438 0.011094
0 0.763141 0.291359 0.024406 0.014938
0 0.584977 0.322836 0.017703 0.009266
0 0.614977 0.347508 0.019391 0.008422
0 0.675797 0.299375 0.017531 0.011219
0 0.732273 0.250227 0.015891 0.009891
0 0.674383 0.326555 0.013078 0.007172
0 0.618445 0.325156 0.019984 0.008812
0 0.726508 0.331484 0.020266 0.008094
0 0.641570 0.377461 0.012547 0.012547
0 0.738281 0.342969 0.351562 0.148438