0 0.882859 0.810082 0.028375 0.062228
0 0.599586 0.815421 0.038766 0.056386
1 0.671391 0.397147 0.237000 0.794293
0 0.916563 0.792378 0.025469 0.043179
0 0.949203 0.867649 0.031156 0.053179
0 0.038766 0.861793 0.023250 0.056196
0 0.764922 0.931712 0.036187 0.047717
0 0.781703 0.845462 0.035656 0.045598
0 0.801812 0.820285 0.028500 0.042962
0 0.827070 0.806590 0.017672 0.053886
0 0.957711 0.744524 0.036109 0.031386
0 0.849383 0.782527 0.028016 0.054130
0 0.571586 0.889701 0.041203 0.043750
0 0.360281 0.761372 0.011562 0.032527
0 0.512500 0.842391 0.971875 0.309783