1 0.757148 0.896628 0.482766 0.184262
1 0.499141 0.697319 0.588500 0.230609
1 0.341430 0.616756 0.350297 0.163770
1 0.336656 0.567037 0.418563 0.155714
1 0.236734 0.481874 0.289906 0.071803
1 0.183500 0.450246 0.182750 0.049391
1 0.265945 0.427237 0.307703 0.043185
1 0.421344 0.351604 0.194719 0.038618
1 0.240289 0.396276 0.171047 0.056347
1 0.277938 0.384906 0.188312 0.039321
1 0.351539 0.361815 0.165047 0.062365
1 0.509742 0.324028 0.126828 0.036862
1 0.212766 0.444707 0.216312 0.053677
1 0.520312 0.405152 0.856250 0.276347