0 0.361352 0.375280 0.044828 0.051028
0 0.818383 0.120771 0.037328 0.056308
0 0.309836 0.404136 0.044484 0.057710
0 0.496258 0.442477 0.020891 0.032243
0 0.565422 0.330491 0.043438 0.041355
0 0.604859 0.333832 0.053438 0.069720
0 0.669398 0.252710 0.048578 0.058364
0 0.254156 0.420421 0.042781 0.063271
0 0.413852 0.348154 0.026953 0.055421
0 0.378695 0.457850 0.027891 0.050607
0 0.113555 0.492699 0.025266 0.040537
0 0.152500 0.480771 0.046031 0.035748
0 0.164180 0.465935 0.033891 0.045748
0 0.453125 0.512850 0.818750 0.801402