0 0.838422 0.272431 0.005625 0.013472
0 0.933750 0.260819 0.008281 0.008306
0 0.826727 0.268542 0.004234 0.007028
0 0.913641 0.269556 0.005156 0.006278
0 0.979227 0.274667 0.011516 0.008389
0 0.949820 0.262847 0.009547 0.008250
0 0.867000 0.250375 0.010344 0.006028
0 0.872289 0.283958 0.002328 0.005083
0 0.961219 0.268931 0.007219 0.009083
0 0.993766 0.280194 0.006625 0.008778
0 0.849555 0.281403 0.011734 0.014528
0 0.835992 0.283444 0.005109 0.006278
0 0.858172 0.281347 0.005875 0.007417
0 0.832031 0.280556 0.101562 0.066667