1 0.242891 0.731909 0.260875 0.157307
1 0.859375 0.612295 0.281250 0.310539
1 0.607969 0.915726 0.535250 0.146066
1 0.494648 0.506546 0.142391 0.144052
1 0.116195 0.481639 0.178141 0.137283
1 0.379414 0.497705 0.078516 0.119672
1 0.739156 0.500000 0.125937 0.105621
1 0.248984 0.461370 0.034437 0.065176
1 0.221789 0.567857 0.153703 0.062740
1 0.886117 0.363923 0.209234 0.171593
1 0.598531 0.495433 0.063438 0.070164
1 0.126125 0.640890 0.152438 0.074895
1 0.976680 0.431335 0.046641 0.057611
1 0.406250 0.427400 0.268750 0.096019