0 0.593102 0.672541 0.026672 0.096557
0 0.618297 0.688618 0.027375 0.093349
0 0.629383 0.646288 0.023297 0.069672
0 0.761273 0.668700 0.024984 0.102037
0 0.683359 0.688817 0.035844 0.154403
0 0.712711 0.675726 0.061422 0.119930
0 0.801484 0.675785 0.031438 0.113489
0 0.737227 0.653150 0.017266 0.047424
0 0.723211 0.647272 0.011953 0.056183
0 0.652031 0.640796 0.018531 0.047400
0 0.864453 0.667658 0.023500 0.091944
0 0.633953 0.632916 0.013594 0.041148
0 0.711461 0.644918 0.025766 0.060984
0 0.667594 0.672564 0.016500 0.078384
0 0.671094 0.605386 0.589063 0.278689