0 0.309594 0.545177 0.013813 0.015437
0 0.478648 0.252802 0.016859 0.011229
0 0.317016 0.525573 0.011312 0.018021
0 0.299117 0.499219 0.011234 0.012854
0 0.443758 0.401698 0.010266 0.015646
0 0.348883 0.477698 0.008578 0.011437
0 0.351266 0.496042 0.010344 0.016792
0 0.401625 0.402385 0.009375 0.014604
0 0.356086 0.575604 0.011984 0.011042
0 0.358164 0.562490 0.013141 0.011687
0 0.369836 0.552417 0.009266 0.012333
0 0.384281 0.462073 0.012687 0.012437
0 0.471727 0.456792 0.010234 0.008417
0 0.298438 0.406250 0.584375 0.541667