0 0.255727 0.725868 0.096672 0.080906
0 0.089922 0.552925 0.097875 0.076340
0 0.138609 0.547113 0.066750 0.104113
0 0.286258 0.530934 0.066328 0.098434
0 0.073563 0.475943 0.069812 0.066226
0 0.320930 0.649613 0.053422 0.049113
0 0.253297 0.664321 0.059937 0.060453
0 0.140867 0.685085 0.100953 0.116208
0 0.088930 0.627462 0.071578 0.114962
0 0.231508 0.402283 0.036609 0.073170
0 0.275633 0.615302 0.039078 0.082415
0 0.398516 0.686604 0.061500 0.064226
0 0.290305 0.737462 0.059078 0.078623
0 0.260156 0.712264 0.520312 0.356604