0 0.661460 0.427988 0.022920 0.050793
0 0.497250 0.468445 0.021140 0.040427
0 0.426400 0.528552 0.026280 0.019360
0 0.312270 0.528902 0.019420 0.061037
0 0.199210 0.549726 0.018540 0.036890
0 0.331700 0.681799 0.018000 0.033963
0 0.227400 0.540701 0.016760 0.041890
0 0.400000 0.621799 0.028360 0.028659
0 0.459200 0.483140 0.019160 0.044939
0 0.759680 0.454223 0.019760 0.044726
0 0.674870 0.404116 0.017180 0.038293
0 0.638560 0.418216 0.023960 0.036921
0 0.603610 0.424787 0.020620 0.036768
0 0.475000 0.565549 0.678000 0.460366