0 0.863680 0.494626 0.097047 0.060222
0 0.337977 0.276163 0.088703 0.165679
0 0.652945 0.195457 0.104641 0.144100
0 0.773406 0.113850 0.066687 0.161385
0 0.865008 0.336717 0.073703 0.140803
0 0.951945 0.401662 0.082234 0.081994
0 0.683211 0.743116 0.082641 0.076150
0 0.633969 0.802507 0.055563 0.135873
0 0.560961 0.654945 0.061797 0.139861
0 0.042570 0.470069 0.059547 0.144737
0 0.060516 0.371967 0.072000 0.135900
0 0.113625 0.266454 0.058031 0.169695
0 0.146508 0.305554 0.072047 0.142909
0 0.512500 0.540166 0.971875 0.864266