1 0.184891 0.667535 0.162281 0.127653
1 0.106883 0.570481 0.115422 0.049272
1 0.058727 0.343779 0.075359 0.062394
1 0.448242 0.315317 0.299828 0.623873
1 0.649484 0.409202 0.042156 0.064366
1 0.218812 0.779284 0.318375 0.121150
1 0.589555 0.404014 0.103953 0.252394
1 0.209547 0.849378 0.317188 0.118521
1 0.840773 0.443075 0.148266 0.886150
1 0.065492 0.260704 0.130984 0.369953
1 0.084359 0.537371 0.073188 0.025962
1 0.365250 0.395927 0.083281 0.092887
1 0.032398 0.457042 0.064797 0.017371
1 0.472656 0.570423 0.642188 0.300469