0 0.413766 0.450281 0.077187 0.086323
0 0.230883 0.491183 0.063984 0.099087
0 0.664086 0.442389 0.069641 0.089415
0 0.482172 0.480094 0.077656 0.086089
0 0.329031 0.334286 0.083969 0.104309
0 0.531727 0.400808 0.065453 0.098103
0 0.850102 0.409426 0.068953 0.105597
0 0.620883 0.358689 0.068516 0.096909
0 0.757750 0.471991 0.076469 0.108665
0 0.436922 0.524614 0.065219 0.076300
0 0.584156 0.341148 0.054406 0.107447
0 0.778891 0.360937 0.076563 0.100422
0 0.703250 0.547295 0.054094 0.114871
0 0.310016 0.395117 0.078906 0.120304
0 0.513281 0.433255 0.970313 0.266979