1 0.315797 0.570828 0.336156 0.121281
1 0.431570 0.431570 0.594016 0.136766
1 0.525156 0.417398 0.462344 0.104172
1 0.151453 0.185477 0.179688 0.044641
1 0.227680 0.289094 0.240547 0.086969
1 0.815523 0.385359 0.136047 0.064844
1 0.915586 0.345477 0.103672 0.052797
1 0.665539 0.477477 0.110359 0.033797
1 0.572500 0.460102 0.160281 0.070859
1 0.115094 0.550672 0.143156 0.088875
1 0.553164 0.287797 0.100266 0.064844
1 0.389977 0.526430 0.485703 0.089609
1 0.781500 0.804844 0.338813 0.122562
1 0.501563 0.600000 0.981250 0.796875