0 0.102977 0.921323 0.039641 0.093888
0 0.493453 0.455422 0.028719 0.047658
0 0.028242 0.571499 0.023359 0.042295
0 0.037711 0.702307 0.034641 0.071593
0 0.330914 0.685023 0.044328 0.050937
0 0.365414 0.664485 0.042422 0.055902
0 0.790125 0.598876 0.077969 0.092131
0 0.449500 0.703208 0.039688 0.055644
0 0.713539 0.594719 0.077328 0.080304
0 0.411930 0.618876 0.049484 0.060000
0 0.399695 0.479578 0.018609 0.036628
0 0.894656 0.621628 0.068250 0.077307
0 0.664383 0.578759 0.048953 0.099344
0 0.342969 0.551522 0.676562 0.325527