0 0.627594 0.713267 0.033437 0.043630
0 0.669852 0.693876 0.017672 0.027424
0 0.797781 0.592576 0.022375 0.050304
0 0.732344 0.704496 0.012375 0.023044
0 0.710531 0.717834 0.017063 0.032436
0 0.571969 0.713653 0.023094 0.033770
0 0.504211 0.692190 0.033141 0.047752
0 0.478250 0.694871 0.019375 0.025246
0 0.671961 0.722670 0.028516 0.049274
0 0.676500 0.675550 0.024406 0.033817
0 0.847414 0.529871 0.013859 0.015574
0 0.597094 0.709496 0.035781 0.029625
0 0.838078 0.716581 0.030437 0.028665
0 0.503906 0.629977 0.989062 0.229508