0 0.259660 0.461680 0.011440 0.019307
0 0.284570 0.460253 0.007820 0.021947
0 0.824870 0.580840 0.020340 0.029413
0 0.793710 0.575627 0.018140 0.021227
0 0.649820 0.545520 0.013440 0.012373
0 0.691430 0.552653 0.016860 0.024667
0 0.869230 0.592027 0.021940 0.024053
0 0.347070 0.465787 0.014980 0.025493
0 0.305990 0.460360 0.013020 0.026427
0 0.324950 0.463613 0.015460 0.022907
0 0.376090 0.465133 0.010620 0.016347
0 0.397530 0.466653 0.012940 0.017733
0 0.566490 0.482840 0.016500 0.018427
0 0.666000 0.534667 0.528000 0.157333