0 0.511992 0.235023 0.018609 0.015446
0 0.479203 0.222124 0.008250 0.019601
0 0.460422 0.270446 0.018781 0.023521
0 0.892484 0.081303 0.015219 0.015751
0 0.827594 0.265293 0.021344 0.011667
0 0.690680 0.158063 0.024328 0.015047
0 0.657320 0.148721 0.015609 0.014202
0 0.629992 0.127887 0.014734 0.016009
0 0.891914 0.261315 0.025797 0.022160
0 0.529141 0.137723 0.017188 0.014131
0 0.915047 0.091268 0.013938 0.011690
0 0.924484 0.070458 0.015406 0.014577
0 0.781391 0.259859 0.003687 0.011315
0 0.658594 0.163146 0.579688 0.274648