0 0.748078 0.704883 0.024250 0.092295
0 0.799195 0.683607 0.021516 0.031803
0 0.815281 0.698267 0.018469 0.040843
0 0.518688 0.308021 0.128094 0.038384
0 0.689961 0.695562 0.013609 0.053419
0 0.395609 0.705176 0.029594 0.050492
0 0.563055 0.567986 0.052328 0.044824
0 0.969672 0.676019 0.016563 0.062295
0 0.934172 0.688290 0.013031 0.042623
0 0.866859 0.682963 0.014031 0.023864
0 0.727609 0.705012 0.022219 0.033770
0 0.720727 0.686780 0.016766 0.038525
0 0.732594 0.645105 0.014250 0.038876
0 0.542969 0.515222 0.889062 0.875878