0 0.239590 0.166954 0.012340 0.017108
0 0.459380 0.216969 0.015120 0.024092
0 0.558400 0.196246 0.017760 0.024062
0 0.864500 0.112262 0.013480 0.025200
0 0.808710 0.113554 0.013420 0.023354
0 0.353080 0.265754 0.015920 0.025354
0 0.329500 0.340200 0.014680 0.018615
0 0.316670 0.320754 0.014860 0.022369
0 0.073130 0.244508 0.016140 0.025015
0 0.130930 0.218738 0.011140 0.022462
0 0.806290 0.462923 0.011700 0.017969
0 0.218760 0.492108 0.010960 0.019662
0 0.341320 0.290323 0.018120 0.031108
0 0.514000 0.483077 0.676000 0.843077