1 0.386406 0.683320 0.765354 0.100984
1 0.272656 0.617977 0.539312 0.062922
1 0.133896 0.554719 0.267792 0.038094
1 0.107156 0.538016 0.212521 0.020656
1 0.173333 0.461461 0.212917 0.021297
1 0.332687 0.480172 0.349042 0.032844
1 0.096781 0.520797 0.186062 0.020781
1 0.161146 0.489133 0.322292 0.049047
1 0.129615 0.498953 0.259229 0.046844
0 0.551229 0.507187 0.051292 0.045969
1 0.491740 0.853797 0.983479 0.288562
1 0.169177 0.582094 0.337479 0.040500
1 0.302667 0.459406 0.266958 0.014500
1 0.113385 0.509422 0.221229 0.031906
1 0.457292 0.566406 0.618750 0.267188