1 0.565703 0.657583 0.130281 0.058944
1 0.740070 0.609111 0.048266 0.032056
1 0.797875 0.585514 0.035781 0.031806
1 0.277164 0.636778 0.093859 0.040389
1 0.837273 0.596583 0.034547 0.054000
1 0.437180 0.612056 0.061984 0.022333
1 0.713953 0.590417 0.018969 0.020667
1 0.252516 0.598528 0.033156 0.024333
1 0.209383 0.600903 0.036453 0.032694
1 0.171102 0.611597 0.044766 0.018917
1 0.095266 0.638806 0.071844 0.039444
1 0.664375 0.598042 0.047625 0.025139
1 0.981391 0.585708 0.025406 0.020806
1 0.471094 0.584722 0.929688 0.091667