0 0.254141 0.684073 0.123156 0.137729
0 0.163266 0.672552 0.142781 0.148146
0 0.801844 0.746750 0.185656 0.148500
0 0.256961 0.550625 0.176672 0.162750
0 0.445727 0.649177 0.167484 0.167479
0 0.675711 0.645563 0.190391 0.152458
0 0.556383 0.520021 0.120609 0.095250
0 0.712414 0.556250 0.067672 0.083750
0 0.082477 0.567115 0.135672 0.117062
0 0.562344 0.618281 0.085781 0.162187
0 0.788773 0.592583 0.076016 0.135667
0 0.351125 0.568969 0.077594 0.068979
0 0.355117 0.667563 0.089297 0.124375
0 0.353609 0.607604 0.029281 0.020792
0 0.618938 0.611219 0.127375 0.090271
0 0.747039 0.536250 0.043641 0.065917
0 0.383594 0.498958 0.639062 0.339583