0 0.151711 0.312612 0.167359 0.499552
0 0.871828 0.805373 0.106937 0.182806
0 0.807680 0.077955 0.098109 0.045224
0 0.350047 0.871537 0.063687 0.138955
0 0.204977 0.821910 0.026016 0.101075
0 0.338328 0.753493 0.220781 0.342269
0 0.709977 0.052299 0.081203 0.064299
0 0.473562 0.814015 0.032500 0.089940
0 0.595344 0.475985 0.155656 0.271970
0 0.552492 0.795672 0.053297 0.136000
0 0.877430 0.665791 0.023547 0.068537
0 0.673000 0.170687 0.114312 0.093313
1 0.074555 0.427836 0.021234 0.013284
0 0.482562 0.765701 0.028313 0.068299
0 0.541406 0.443284 0.682813 0.802985