0 0.763906 0.768479 0.024063 0.014042
0 0.594836 0.946385 0.040766 0.059646
0 0.647664 0.955521 0.048766 0.051083
0 0.760617 0.637375 0.046172 0.041042
1 0.434648 0.590115 0.037828 0.011646
1 0.651289 0.526979 0.106734 0.086583
1 0.322734 0.568844 0.167813 0.076396
1 0.529234 0.557344 0.096312 0.050937
1 0.778344 0.525781 0.061094 0.058813
1 0.878773 0.508729 0.039828 0.076958
1 0.917516 0.500604 0.043344 0.085417
1 0.189742 0.581542 0.112516 0.118792
1 0.723297 0.534313 0.061000 0.052792
1 0.830867 0.525521 0.056453 0.050000
1 0.353266 0.548354 0.162000 0.069667
0 0.864203 0.640115 0.020156 0.023896
0 0.706773 0.633812 0.018109 0.012625
1 0.028898 0.601229 0.057797 0.088042
0 0.679125 0.624250 0.016063 0.011958
0 0.691672 0.629365 0.019531 0.012021
0 0.716938 0.621781 0.016406 0.011521
0 0.722539 0.637146 0.011391 0.008333
0 0.726750 0.621062 0.013344 0.015708
1 0.564906 0.540833 0.092469 0.040875
0 0.816430 0.643188 0.016078 0.025292
0 0.660328 0.641063 0.011562 0.008292
1 0.217969 0.567708 0.092188 0.077083
0 0.628125 0.797917 0.621875 0.395833