0 0.581164 0.691271 0.047828 0.067250
0 0.799063 0.617094 0.021563 0.034271
0 0.196164 0.093302 0.031547 0.062521
0 0.736055 0.684448 0.039422 0.081062
0 0.319031 0.635635 0.039250 0.055979
0 0.655664 0.474823 0.033328 0.041646
0 0.853750 0.453521 0.034594 0.034833
0 0.526687 0.680896 0.032031 0.022458
0 0.973453 0.765365 0.024750 0.020188
0 0.831734 0.755187 0.038812 0.030042
0 0.619797 0.695792 0.041031 0.073667
0 0.309102 0.599281 0.040859 0.031396
0 0.246445 0.724240 0.035641 0.034687
0 0.499219 0.589583 0.998437 0.720833