1 0.470781 0.739333 0.740656 0.242693
1 0.253742 0.530410 0.507484 0.192389
1 0.151336 0.328501 0.302672 0.099391
1 0.908563 0.510117 0.182875 0.121358
1 0.283938 0.226019 0.216188 0.066370
1 0.475938 0.335714 0.361812 0.102295
1 0.503180 0.256651 0.245422 0.044262
1 0.730906 0.365738 0.187406 0.101124
1 0.784070 0.292869 0.287797 0.059508
1 0.673227 0.286417 0.254047 0.061311
1 0.805320 0.491042 0.334859 0.169813
1 0.423930 0.158091 0.092516 0.068501
1 0.122219 0.282342 0.244438 0.043700
1 0.500000 0.334895 0.996875 0.669789