0 0.572588 0.584172 0.023115 0.018656
0 0.373806 0.550266 0.022646 0.032250
0 0.158361 0.584523 0.027681 0.014828
0 0.556347 0.365758 0.043653 0.035703
0 0.867506 0.518445 0.064286 0.028359
0 0.846768 0.403773 0.034614 0.028047
0 0.430984 0.559273 0.038501 0.019172
0 0.607248 0.265109 0.026534 0.021969
0 0.550199 0.666188 0.041850 0.029625
0 0.409496 0.542758 0.023770 0.037703
0 0.613525 0.557828 0.031639 0.020938
0 0.750023 0.487664 0.045855 0.018734
0 0.246183 0.578281 0.062857 0.036344
0 0.560890 0.386719 0.615925 0.360938