1 0.207961 0.400165 0.046828 0.044659
1 0.446539 0.704600 0.059172 0.062094
1 0.481633 0.773965 0.046203 0.098565
1 0.712336 0.365388 0.089828 0.075435
1 0.176727 0.405129 0.037953 0.039765
1 0.131383 0.513600 0.042359 0.080800
1 0.261508 0.582165 0.064266 0.073035
1 0.960805 0.399906 0.078391 0.126400
1 0.560414 0.625859 0.088016 0.082447
1 0.697805 0.615082 0.067484 0.331718
1 0.452867 0.408000 0.109016 0.039576
1 0.439734 0.538694 0.052094 0.061247
1 0.362328 0.406612 0.075031 0.074024
1 0.500000 0.527059 0.996875 0.941176