0 0.885242 0.842892 0.105484 0.157588
0 0.745789 0.811756 0.101422 0.167026
0 0.664859 0.836663 0.122000 0.081803
0 0.557430 0.801311 0.072422 0.136393
0 0.180070 0.953770 0.153516 0.070960
0 0.492445 0.922166 0.140141 0.103583
0 0.249172 0.872974 0.125875 0.134520
0 0.310695 0.848208 0.039766 0.101663
0 0.369984 0.775422 0.105531 0.095527
0 0.474375 0.800433 0.045594 0.070187
0 0.235672 0.812904 0.048750 0.062014
0 0.152281 0.877775 0.050406 0.042998
0 0.151250 0.864731 0.120531 0.085199
0 0.053234 0.818899 0.099312 0.066464
0 0.890992 0.957295 0.113234 0.085410
0 0.032289 0.625796 0.058828 0.086019
0 0.834398 0.822822 0.087766 0.108080
0 0.493078 0.841101 0.100656 0.102951
0 0.377422 0.853407 0.095500 0.093091
0 0.499219 0.734192 0.998437 0.475410