0 0.175234 0.870146 0.032188 0.034042
0 0.131117 0.904792 0.038453 0.044750
0 0.123266 0.837698 0.027406 0.033979
0 0.081516 0.819906 0.033719 0.025687
0 0.112320 0.801833 0.028078 0.029542
0 0.145680 0.783823 0.012766 0.032979
0 0.171875 0.809740 0.028250 0.020396
0 0.808062 0.890323 0.045156 0.038729
0 0.729391 0.837135 0.035125 0.028354
0 0.347875 0.796625 0.022781 0.029208
0 0.650289 0.923042 0.041516 0.030875
0 0.657094 0.901406 0.043812 0.026354
0 0.483062 0.907802 0.040719 0.063521
0 0.318695 0.887667 0.048953 0.050917
0 0.365891 0.890125 0.029250 0.046917
0 0.344102 0.850448 0.032203 0.035354
0 0.321609 0.812073 0.012937 0.009771
0 0.261063 0.813875 0.021875 0.020917
0 0.397773 0.875177 0.038641 0.039354
0 0.810937 0.817469 0.025625 0.028396
0 0.642648 0.733865 0.017922 0.018312
0 0.687195 0.890656 0.391172 0.184688
0 0.554133 0.790417 0.313297 0.102875
0 0.539969 0.816542 0.012094 0.037583
0 0.285992 0.787542 0.027297 0.034250
0 0.295000 0.749604 0.019813 0.024167
0 0.047813 0.870885 0.046906 0.036354
0 0.489063 0.803125 0.975000 0.343750