0 0.747312 0.147242 0.014906 0.016953
0 0.713742 0.155578 0.019828 0.013719
0 0.673789 0.146508 0.017109 0.010984
0 0.632117 0.100359 0.014078 0.009813
0 0.507258 0.083047 0.015203 0.011281
0 0.351422 0.090969 0.014125 0.013000
0 0.378148 0.101797 0.016672 0.019000
0 0.938773 0.258563 0.017641 0.019312
0 0.916430 0.244875 0.013016 0.018656
0 0.830039 0.215086 0.013859 0.007266
0 0.485680 0.132328 0.013703 0.015250
0 0.778664 0.196578 0.010359 0.010094
0 0.663922 0.163297 0.012281 0.008500
0 0.555641 0.170828 0.011500 0.008937
0 0.534219 0.100898 0.010344 0.009703
0 0.180586 0.243273 0.013672 0.016234
0 0.863516 0.089703 0.011375 0.011969
0 0.496875 0.227344 0.956250 0.454688