0 0.523789 0.599854 0.020672 0.015417
0 0.409562 0.628781 0.013344 0.023062
0 0.412414 0.620760 0.026359 0.018188
0 0.543023 0.606490 0.018141 0.016396
0 0.566086 0.613115 0.011141 0.018312
0 0.623063 0.590562 0.011625 0.013292
0 0.647367 0.594740 0.018891 0.012229
0 0.771773 0.602198 0.016016 0.012687
0 0.817312 0.597781 0.021219 0.014604
0 0.467359 0.600667 0.017531 0.011542
0 0.691453 0.602354 0.022437 0.016083
0 0.728773 0.598229 0.017984 0.012292
0 0.883906 0.596271 0.020125 0.017458
0 0.586938 0.594333 0.017500 0.010958
1 0.520719 0.511937 0.070344 0.007708
1 0.750844 0.471906 0.490437 0.076396
1 0.185117 0.460427 0.091266 0.035188
1 0.462211 0.470302 0.105672 0.040937
1 0.454352 0.511021 0.066891 0.011417
1 0.552820 0.447427 0.075453 0.017854
1 0.130430 0.441156 0.037578 0.031396
1 0.572234 0.425760 0.078156 0.021479
0 0.582812 0.615625 0.446875 0.068750