0 0.497344 0.502729 0.080125 0.145208
0 0.713617 0.611698 0.079328 0.064187
0 0.918164 0.729708 0.117703 0.060542
0 0.683141 0.529479 0.042312 0.039958
0 0.232586 0.557302 0.060672 0.053937
0 0.190180 0.493521 0.028516 0.027917
0 0.388633 0.273562 0.038828 0.045875
0 0.245367 0.283542 0.048109 0.052250
0 0.571477 0.346656 0.016328 0.021771
0 0.687461 0.296010 0.029797 0.017021
0 0.188961 0.520781 0.027266 0.028563
0 0.352641 0.562250 0.054000 0.033500
0 0.434328 0.534615 0.031219 0.013062
0 0.507031 0.534375 0.982812 0.635417