1 0.609523 0.826460 0.286391 0.156939
1 0.218617 0.691799 0.091172 0.082757
1 0.327609 0.317979 0.135250 0.631472
1 0.274062 0.667371 0.085938 0.066612
1 0.524617 0.552523 0.080109 0.107056
1 0.820836 0.571180 0.176859 0.116612
1 0.961641 0.655888 0.076719 0.073458
1 0.586609 0.494871 0.145437 0.136799
1 0.739641 0.546227 0.123156 0.118014
1 0.461344 0.550713 0.066312 0.056659
1 0.063234 0.574252 0.067250 0.057477
1 0.143836 0.527161 0.094172 0.154042
1 0.237508 0.555129 0.100766 0.046986
1 0.499219 0.422897 0.998437 0.799065