1 0.341844 0.724305 0.663979 0.332859
1 0.899677 0.433484 0.200646 0.130812
1 0.184125 0.365711 0.064125 0.032172
1 0.274271 0.364180 0.118917 0.034766
1 0.503719 0.372477 0.083271 0.022516
1 0.694437 0.371031 0.058583 0.019531
1 0.050813 0.354734 0.098958 0.038719
1 0.384135 0.371734 0.102979 0.024125
1 0.655448 0.374273 0.044562 0.014891
1 0.624135 0.374789 0.024354 0.012891
1 0.587875 0.375711 0.051875 0.011359
1 0.206125 0.335969 0.109125 0.018781
1 0.441135 0.365867 0.051354 0.022047
1 0.425000 0.346875 0.845833 0.075000