0 0.586484 0.952055 0.031000 0.095889
0 0.553063 0.918210 0.071094 0.060346
0 0.685492 0.916224 0.059734 0.106536
0 0.623914 0.759758 0.066953 0.103857
0 0.694609 0.613822 0.067937 0.127691
0 0.368594 0.856212 0.040813 0.064249
0 0.367953 0.698106 0.031938 0.058891
0 0.365625 0.920289 0.029187 0.059053
0 0.465281 0.908938 0.041938 0.078106
0 0.552758 0.808926 0.056797 0.056790
0 0.545117 0.601871 0.074953 0.124988
0 0.693336 0.724561 0.047891 0.072171
0 0.651914 0.828695 0.031422 0.067506
0 0.739062 0.689376 0.500000 0.616628