0 0.631008 0.785877 0.051484 0.068519
0 0.242641 0.802914 0.056500 0.058265
0 0.886648 0.599162 0.024172 0.055010
0 0.836195 0.782329 0.046109 0.088441
0 0.606648 0.881238 0.096672 0.082710
0 0.607047 0.786667 0.041563 0.073957
0 0.566398 0.805828 0.042453 0.057856
0 0.455727 0.629142 0.058453 0.041442
0 0.448336 0.725673 0.049172 0.045770
0 0.404547 0.728041 0.035937 0.081228
0 0.364125 0.758060 0.064187 0.081696
0 0.047734 0.949444 0.091875 0.078655
0 0.449359 0.839259 0.068875 0.107407
0 0.534375 0.736842 0.575000 0.245614