0 0.367031 0.318592 0.049594 0.017771
0 0.415297 0.250880 0.040906 0.029736
1 0.280352 0.500645 0.039234 0.018240
1 0.504188 0.486290 0.025625 0.028534
0 0.451023 0.413152 0.048984 0.024721
0 0.209148 0.394971 0.058172 0.016979
0 0.363281 0.189604 0.051219 0.031173
0 0.348133 0.404370 0.061359 0.023930
0 0.191961 0.236041 0.035828 0.016481
0 0.330070 0.483519 0.033922 0.020938
0 0.328430 0.627845 0.075141 0.026305
0 0.263437 0.393622 0.017000 0.012698
0 0.562430 0.518387 0.015453 0.011320
0 0.443617 0.521246 0.031359 0.023314
0 0.154820 0.193182 0.034078 0.021965
0 0.396094 0.454545 0.560937 0.428152