0 0.897234 0.121112 0.027813 0.014450
0 0.746523 0.378501 0.002297 0.002763
0 0.398906 0.044614 0.021688 0.011288
0 0.561898 0.230199 0.013047 0.021850
1 0.273453 0.551674 0.014906 0.024848
1 0.132688 0.549438 0.265375 0.096628
1 0.331984 0.487541 0.180031 0.053958
1 0.664187 0.576405 0.491781 0.285410
1 0.727383 0.465269 0.065453 0.069321
1 0.146789 0.489262 0.123609 0.039227
0 0.039773 0.097588 0.025016 0.013724
0 0.122000 0.275867 0.019406 0.013419
0 0.170664 0.225000 0.012234 0.011686
0 0.395688 0.340222 0.009719 0.010703
0 0.405172 0.222529 0.020344 0.020094