1 0.974008 0.394297 0.036797 0.035574
1 0.879539 0.395340 0.024141 0.008525
1 0.819516 0.395258 0.030344 0.021663
1 0.179914 0.388618 0.024734 0.011522
1 0.162680 0.401393 0.022234 0.017588
1 0.144539 0.394005 0.035078 0.021780
1 0.061508 0.395691 0.015047 0.010632
1 0.267477 0.391019 0.018453 0.017447
1 0.308023 0.389789 0.020078 0.014848
1 0.856891 0.387787 0.014344 0.012436
1 0.085398 0.396944 0.014328 0.011218
1 0.941898 0.388302 0.035672 0.022037
1 0.758445 0.378571 0.016859 0.016066
1 0.505469 0.324356 0.985938 0.166276