1 0.543539 0.839333 0.379203 0.294389
1 0.501188 0.662931 0.188344 0.157306
1 0.658297 0.591000 0.165969 0.122833
1 0.889891 0.593264 0.121344 0.107861
1 0.784258 0.653333 0.187609 0.254556
1 0.822633 0.480153 0.233641 0.048028
1 0.810812 0.509000 0.245781 0.074333
1 0.532789 0.242708 0.127672 0.157306
1 0.871562 0.388764 0.107438 0.058417
1 0.671742 0.760889 0.186734 0.267278
1 0.180664 0.882319 0.305234 0.208361
1 0.177086 0.407403 0.301391 0.296306
1 0.356508 0.273819 0.248016 0.153750
1 0.445312 0.318056 0.843750 0.258333