0 0.578406 0.565995 0.035594 0.031569
0 0.524625 0.568080 0.019062 0.039157
0 0.763508 0.615070 0.045922 0.049813
0 0.407461 0.530480 0.026547 0.035386
0 0.457109 0.574192 0.024281 0.047166
0 0.427797 0.546007 0.033656 0.036230
0 0.429375 0.489239 0.030750 0.036979
0 0.371977 0.543162 0.020359 0.044450
0 0.434766 0.459333 0.026031 0.024520
0 0.676664 0.539859 0.014734 0.028525
0 0.300297 0.483653 0.019906 0.037283
0 0.628156 0.613150 0.042250 0.045269
0 0.498547 0.612319 0.037906 0.043466
0 0.281250 0.628806 0.459375 0.325527