0 0.249190 0.590720 0.011300 0.010293
0 0.378220 0.567747 0.004840 0.004293
0 0.203120 0.606067 0.007920 0.009307
0 0.341970 0.577227 0.009300 0.006560
0 0.303520 0.582720 0.008560 0.011093
0 0.278830 0.560053 0.010220 0.005653
0 0.317570 0.562987 0.010940 0.011893
0 0.278930 0.583613 0.006580 0.007280
0 0.360570 0.569667 0.009900 0.006267
0 0.338750 0.567253 0.007980 0.008267
0 0.299890 0.561893 0.010260 0.009867
0 0.165600 0.607360 0.011800 0.011520
0 0.122480 0.616773 0.008640 0.009813
0 0.207000 0.600000 0.166000 0.053333