1 0.626133 0.272641 0.032297 0.014014
0 0.501680 0.402700 0.003391 0.012113
0 0.467281 0.384026 0.010781 0.019695
0 0.494789 0.388803 0.007172 0.008028
0 0.513344 0.394941 0.005281 0.010352
0 0.577477 0.538298 0.005297 0.006455
0 0.535375 0.396479 0.006438 0.011878
0 0.805492 0.378791 0.005453 0.011948
0 0.704453 0.381291 0.003969 0.008967
0 0.566242 0.391467 0.004109 0.011009
0 0.640430 0.383239 0.005891 0.007840
0 0.632016 0.387441 0.008125 0.016197
0 0.614984 0.389953 0.008156 0.012254
0 0.601539 0.387512 0.005922 0.009202
0 0.008594 0.078638 0.014063 0.025822