1 0.651117 0.849580 0.121516 0.113599
1 0.873898 0.837522 0.115891 0.072888
1 0.947156 0.824310 0.105688 0.093060
1 0.503992 0.771994 0.052734 0.042134
1 0.730234 0.765183 0.046687 0.031056
1 0.873109 0.749052 0.104937 0.064353
1 0.657141 0.754838 0.043969 0.048082
1 0.417727 0.780625 0.052859 0.054914
1 0.512500 0.730259 0.032813 0.032672
1 0.532563 0.851853 0.084125 0.079009
1 0.421453 0.850366 0.101437 0.085776
1 0.549328 0.731918 0.042688 0.027672
1 0.848648 0.764461 0.059266 0.051034
1 0.586719 0.816810 0.807813 0.245690