0 0.289547 0.206290 0.134031 0.184839
0 0.896875 0.289240 0.070000 0.148387
0 0.659898 0.623664 0.252297 0.283871
0 0.440414 0.398387 0.195422 0.262350
0 0.578961 0.490323 0.242078 0.348387
0 0.368859 0.280818 0.163562 0.239793
0 0.354766 0.256947 0.161469 0.199470
0 0.076500 0.140749 0.065531 0.090530
0 0.235609 0.263249 0.049438 0.098295
0 0.018109 0.212938 0.036219 0.097811
0 0.673625 0.350138 0.106219 0.132028
0 0.284750 0.092903 0.051625 0.059862
0 0.733539 0.025979 0.023172 0.051959
0 0.703125 0.314516 0.590625 0.140553