1 0.262494 0.731352 0.050515 0.042703
1 0.823970 0.653477 0.063724 0.192391
1 0.899590 0.742844 0.091358 0.010469
1 0.891616 0.734492 0.037518 0.006516
1 0.034016 0.711961 0.027892 0.022203
1 0.008817 0.704789 0.011265 0.028984
1 0.054906 0.708797 0.020211 0.025844
1 0.162131 0.706367 0.016019 0.028516
1 0.111030 0.711500 0.023841 0.038000
1 0.138536 0.707437 0.033326 0.028687
1 0.200281 0.718844 0.010211 0.010063
1 0.967834 0.743789 0.048314 0.009266
1 0.290117 0.708648 0.015363 0.024828
1 0.500000 0.717187 0.995316 0.053125