0 0.048586 0.422133 0.009609 0.016478
0 0.021078 0.404867 0.023969 0.018336
0 0.082758 0.414177 0.020703 0.017062
0 0.073039 0.411381 0.019141 0.013628
0 0.106055 0.423628 0.016016 0.014690
0 0.087266 0.390265 0.014313 0.018124
0 0.024383 0.426044 0.027234 0.018177
0 0.059062 0.406929 0.010500 0.014566
0 0.110953 0.394292 0.011969 0.013575
0 0.009766 0.417310 0.015313 0.012425
0 0.106836 0.410009 0.012516 0.008195
0 0.036766 0.413442 0.018063 0.017504
0 0.003750 0.414345 0.007500 0.009646
0 0.078906 0.355752 0.154688 0.155752