0 0.783656 0.525319 0.029563 0.061917
0 0.562156 0.608389 0.023125 0.041556
0 0.417859 0.629292 0.040688 0.060806
0 0.442586 0.613903 0.011672 0.045306
0 0.284844 0.678569 0.037344 0.063528
0 0.203109 0.704736 0.027281 0.065972
0 0.717031 0.498236 0.036812 0.099194
0 0.386906 0.555625 0.015750 0.027583
0 0.269414 0.630861 0.048359 0.102056
0 0.601336 0.656931 0.016547 0.056694
0 0.528570 0.581403 0.034578 0.048250
0 0.366219 0.566625 0.028063 0.050917
0 0.228211 0.683417 0.036391 0.026222
0 0.578906 0.651389 0.417187 0.358333