0 0.822625 0.668656 0.033094 0.010906
0 0.755242 0.590320 0.020891 0.010172
0 0.844797 0.488234 0.018875 0.015406
0 0.856484 0.458125 0.019906 0.014344
0 0.730953 0.382422 0.023281 0.013187
0 0.751875 0.388477 0.029437 0.010984
0 0.789391 0.716898 0.014125 0.014203
0 0.981555 0.743578 0.015703 0.011344
0 0.802016 0.772422 0.016219 0.007656
0 0.858398 0.796102 0.008516 0.003297
0 0.074570 0.944234 0.018609 0.012500
0 0.903305 0.571328 0.023609 0.014281
0 0.952922 0.550617 0.015719 0.009422
0 0.500000 0.537500 0.996875 0.921875