0 0.946063 0.954002 0.025719 0.019563
0 0.983680 0.964740 0.010484 0.027900
0 0.752016 0.969740 0.025531 0.026549
0 0.875836 0.940468 0.008234 0.011622
0 0.746883 0.939886 0.016672 0.013202
0 0.783055 0.937848 0.010453 0.012121
0 0.717414 0.935769 0.016516 0.024137
0 0.675461 0.945884 0.007359 0.009189
0 0.943117 0.966830 0.016516 0.018607
0 0.911242 0.946767 0.014984 0.015364
0 0.653078 0.954990 0.023969 0.023701
0 0.871953 0.966611 0.019844 0.027526
0 0.826539 0.940821 0.019391 0.016653
0 0.753906 0.925156 0.357812 0.070686