0 0.281710 0.573547 0.063580 0.072053
0 0.357440 0.698547 0.034240 0.108560
0 0.146230 0.604200 0.063700 0.079280
0 0.183280 0.581813 0.047040 0.078613
0 0.143090 0.539853 0.027380 0.062480
0 0.263620 0.552987 0.049760 0.069813
0 0.220230 0.614747 0.278620 0.177067
0 0.091330 0.630053 0.054700 0.077333
0 0.015220 0.678293 0.030440 0.071040
0 0.051400 0.599667 0.067760 0.078000
0 0.046610 0.559587 0.048980 0.033893
0 0.227410 0.643147 0.068060 0.086240
0 0.562100 0.369880 0.130640 0.103227
0 0.656460 0.623667 0.048160 0.117307
0 0.584670 0.616120 0.037100 0.109680
0 0.716930 0.427960 0.072580 0.129040
0 0.367920 0.548533 0.027320 0.066080
0 0.376610 0.651613 0.046780 0.107547
0 0.382260 0.590320 0.054840 0.058080
0 0.343650 0.629493 0.054860 0.038453
0 0.547000 0.508000 0.586000 0.386667