1 0.264867 0.712082 0.204078 0.177439
1 0.411453 0.728229 0.257844 0.223229
1 0.527648 0.777283 0.185703 0.204722
1 0.684000 0.745612 0.209125 0.356303
1 0.766078 0.437160 0.144531 0.056637
1 0.904008 0.581737 0.091484 0.107929
1 0.810750 0.535379 0.099906 0.152895
1 0.442359 0.365757 0.032500 0.067194
1 0.731453 0.565490 0.068656 0.082249
1 0.823961 0.461904 0.052172 0.043051
1 0.642234 0.559109 0.104719 0.094655
1 0.891930 0.493185 0.087578 0.087394
1 0.857211 0.812973 0.189484 0.305457
1 0.550000 0.412027 0.493750 0.164811