1 0.706086 0.707510 0.122891 0.141771
1 0.516578 0.722469 0.123031 0.056187
1 0.676719 0.617938 0.065656 0.042917
1 0.326344 0.693448 0.115719 0.047313
1 0.657477 0.566698 0.069703 0.028396
1 0.792594 0.712344 0.081469 0.091354
1 0.750312 0.536073 0.031031 0.009646
1 0.904937 0.549125 0.032125 0.044833
1 0.614547 0.554865 0.068000 0.034229
1 0.561516 0.544229 0.068062 0.028542
1 0.871289 0.549438 0.031953 0.037500
1 0.289297 0.688833 0.094063 0.034792
1 0.505398 0.545906 0.054609 0.021896
1 0.820312 0.532292 0.334375 0.077083