1 0.435461 0.746073 0.329016 0.152807
1 0.780422 0.599823 0.337125 0.099599
1 0.737344 0.600896 0.090406 0.109623
1 0.974352 0.617217 0.051297 0.070189
1 0.979680 0.834953 0.040641 0.164340
1 0.415813 0.562736 0.107281 0.067547
1 0.575852 0.566627 0.142172 0.063443
1 0.315805 0.676875 0.304109 0.063561
1 0.848586 0.570790 0.047453 0.051722
1 0.200164 0.623373 0.273203 0.060000
1 0.157313 0.570672 0.254812 0.077429
1 0.806961 0.582547 0.084828 0.087642
1 0.288703 0.582182 0.114906 0.047429
1 0.341406 0.661557 0.248438 0.139151