0 0.039578 0.402436 0.028156 0.079297
0 0.130141 0.390785 0.026344 0.073888
0 0.481414 0.536124 0.040984 0.046862
0 0.497430 0.456897 0.040234 0.076604
0 0.451180 0.429297 0.054859 0.062295
0 0.336031 0.561920 0.026500 0.070726
0 0.863086 0.410351 0.040922 0.085105
0 0.532211 0.404204 0.074953 0.095480
0 0.603250 0.468103 0.043062 0.075316
0 0.666984 0.447623 0.031281 0.084520
0 0.756773 0.443314 0.036984 0.066534
0 0.817984 0.462037 0.031500 0.067073
0 0.893563 0.421030 0.025406 0.055504
0 0.941664 0.463981 0.081859 0.046745
0 0.714555 0.456932 0.055234 0.061452
0 0.060500 0.482857 0.022812 0.077424
0 0.316344 0.412822 0.037187 0.074309
0 0.422656 0.494145 0.720313 0.224824