1 0.474620 0.627944 0.074120 0.152016
1 0.354950 0.654920 0.038500 0.117003
1 0.509150 0.493528 0.047820 0.063873
1 0.526260 0.436141 0.033720 0.058170
1 0.578010 0.405212 0.019300 0.030265
1 0.783340 0.577361 0.118240 0.096790
1 0.744800 0.383621 0.089600 0.055889
1 0.808610 0.392215 0.047020 0.125703
1 0.420790 0.377825 0.026140 0.013050
1 0.209440 0.690119 0.243880 0.190106
1 0.080510 0.534390 0.035620 0.021989
1 0.227410 0.364496 0.085100 0.116419
1 0.154920 0.448050 0.098160 0.147294
1 0.639000 0.622016 0.542000 0.522546