0 0.263210 0.898427 0.028420 0.037387
0 0.259020 0.847680 0.013760 0.026880
0 0.648320 0.849240 0.043920 0.049893
0 0.430290 0.835960 0.016060 0.051387
0 0.437840 0.887467 0.022920 0.046027
0 0.734170 0.843200 0.025700 0.023200
0 0.662320 0.894160 0.017720 0.032800
0 0.538600 0.870307 0.029040 0.047653
0 0.351670 0.865640 0.014660 0.034000
0 0.853370 0.894613 0.016180 0.031413
0 0.653270 0.879720 0.014780 0.025947
0 0.490120 0.841973 0.023120 0.049120
0 0.586430 0.847320 0.021580 0.064560
0 0.416000 0.682667 0.048000 0.090667