0 0.454260 0.752958 0.031760 0.041194
0 0.527960 0.772666 0.031640 0.050000
0 0.615410 0.739164 0.023340 0.041565
0 0.788870 0.799443 0.035380 0.048594
0 0.587030 0.737268 0.019660 0.062334
0 0.710110 0.714218 0.047180 0.057241
0 0.771850 0.741459 0.029180 0.037082
0 0.323490 0.784947 0.037300 0.060239
0 0.574040 0.643448 0.021040 0.023395
0 0.878410 0.743886 0.051540 0.099231
0 0.658800 0.758727 0.028280 0.036393
0 0.652500 0.679536 0.035520 0.025172
0 0.496500 0.757759 0.029240 0.053130
0 0.558330 0.739642 0.036900 0.033820
0 0.420940 0.675292 0.034600 0.047135
0 0.399020 0.636592 0.016440 0.015305
0 0.446670 0.608236 0.025980 0.040345
0 0.473340 0.741565 0.023680 0.050663
0 0.583000 0.649867 0.806000 0.312997