0 0.508430 0.529063 0.071047 0.072459
0 0.519562 0.652717 0.072656 0.090773
0 0.920781 0.634040 0.075719 0.115621
0 0.747539 0.695703 0.080359 0.113981
0 0.786266 0.504133 0.034344 0.078899
0 0.966344 0.564461 0.066781 0.098806
0 0.047133 0.689485 0.068609 0.131101
0 0.404617 0.665597 0.060266 0.101077
0 0.604055 0.612904 0.043047 0.090304
0 0.686734 0.661686 0.081969 0.083607
0 0.962047 0.748513 0.044000 0.116651
0 0.955031 0.528419 0.064312 0.053466
0 0.206078 0.667763 0.048000 0.101756
0 0.607812 0.530445 0.525000 0.236534