1 0.479766 0.832515 0.103062 0.086467
1 0.615812 0.763997 0.098562 0.065719
1 0.682617 0.685240 0.101578 0.064611
1 0.531852 0.662590 0.088484 0.064521
1 0.388422 0.714551 0.068031 0.045629
1 0.260367 0.749027 0.092172 0.090090
1 0.199398 0.826108 0.072328 0.086407
1 0.095328 0.869641 0.076000 0.171976
1 0.106625 0.693024 0.057063 0.058802
1 0.528336 0.807440 0.081109 0.085599
1 0.361445 0.833323 0.063141 0.061737
1 0.392234 0.650629 0.067344 0.050359
1 0.263500 0.634940 0.047656 0.113892
1 0.357031 0.559880 0.695312 0.203593