0 0.479539 0.710761 0.027641 0.017260
1 0.914414 0.545972 0.098891 0.052693
1 0.819430 0.515492 0.105141 0.099649
1 0.653125 0.506429 0.066812 0.092014
1 0.399977 0.424415 0.089734 0.278899
1 0.861664 0.526944 0.096516 0.091452
1 0.300000 0.506639 0.075375 0.036417
1 0.979563 0.491991 0.040875 0.064075
1 0.558477 0.526452 0.036859 0.060726
1 0.131937 0.520773 0.085781 0.014098
1 0.124633 0.572494 0.098391 0.034028
1 0.888469 0.569344 0.116844 0.114848
1 0.444070 0.509988 0.080047 0.085925
1 0.451227 0.577951 0.067891 0.036885
1 0.746094 0.428571 0.129688 0.093677