0 0.129510 0.813933 0.035860 0.047493
0 0.052700 0.725213 0.037920 0.040240
0 0.346620 0.812800 0.041520 0.031093
0 0.451130 0.765107 0.036140 0.035013
0 0.471160 0.797133 0.028600 0.056827
0 0.385700 0.771787 0.018560 0.036640
0 0.322080 0.855787 0.039240 0.067893
0 0.005320 0.785533 0.010640 0.021733
0 0.465450 0.779107 0.022460 0.018213
0 0.387480 0.669427 0.022080 0.015867
0 0.178140 0.769987 0.007480 0.023387
0 0.224820 0.674827 0.011280 0.011680
0 0.180860 0.657787 0.014320 0.008267
0 0.511000 0.445333 0.598000 0.490667