0 0.772492 0.321027 0.422953 0.394840
0 0.683922 0.692158 0.344406 0.362580
0 0.830492 0.945993 0.119766 0.108014
0 0.096859 0.811781 0.182469 0.194155
0 0.509125 0.653174 0.101469 0.113379
0 0.342711 0.309521 0.085391 0.172968
0 0.624719 0.881963 0.196031 0.213151
0 0.963797 0.710605 0.072406 0.065137
0 0.982125 0.949349 0.033781 0.070114
0 0.332859 0.508425 0.113000 0.105571
0 0.745445 0.907283 0.071203 0.109269
0 0.681500 0.919395 0.056375 0.111301
0 0.158555 0.696027 0.314672 0.309954
0 0.449219 0.571918 0.898438 0.851598