0 0.119719 0.602094 0.047344 0.026604
0 0.159672 0.606458 0.070969 0.094625
0 0.501344 0.560490 0.047813 0.032604
0 0.534664 0.849885 0.067953 0.060396
1 0.737359 0.500000 0.517406 1.000000
1 0.349258 0.255646 0.461578 0.166917
1 0.086430 0.172521 0.168953 0.299000
1 0.951344 0.232937 0.097312 0.107958
0 0.856398 0.645094 0.054828 0.029187
0 0.538367 0.583688 0.022984 0.031958
0 0.858930 0.661094 0.042609 0.012563
0 0.988336 0.614417 0.022984 0.017917
0 0.524578 0.679167 0.041875 0.038875
1 0.636023 0.161792 0.074078 0.037458