1 0.620687 0.333444 0.024875 0.035889
1 0.555953 0.343181 0.024125 0.022306
1 0.408477 0.345750 0.021797 0.035778
1 0.373539 0.346375 0.013047 0.027972
1 0.724820 0.337681 0.023578 0.022083
1 0.749797 0.339972 0.019750 0.014611
1 0.478797 0.352250 0.018656 0.013000
1 0.430609 0.347292 0.027781 0.024306
1 0.284539 0.355667 0.014797 0.014778
1 0.188719 0.357153 0.010531 0.007417
1 0.651953 0.319986 0.015719 0.062972
1 0.695953 0.324542 0.025094 0.026694
1 0.799289 0.330236 0.023891 0.022139
1 0.592187 0.334722 0.593750 0.075000