1 0.491320 0.520677 0.068234 0.060605
1 0.569742 0.545807 0.066359 0.071037
1 0.656719 0.554856 0.055594 0.054380
1 0.708727 0.566398 0.063328 0.060000
1 0.813266 0.592493 0.113656 0.057608
1 0.090773 0.821340 0.181547 0.105620
1 0.141945 0.875288 0.283891 0.132594
1 0.906930 0.721282 0.172828 0.090865
1 0.883602 0.920533 0.232797 0.158934
1 0.194109 0.924697 0.366812 0.125937
1 0.621133 0.548112 0.047859 0.073228
1 0.919047 0.825922 0.159312 0.125908
1 0.795883 0.950793 0.236766 0.098415
1 0.470313 0.623919 0.940625 0.325648