0 0.540078 0.682721 0.068031 0.124265
0 0.412539 0.606145 0.053734 0.094853
0 0.462930 0.666397 0.060922 0.121366
0 0.409258 0.683992 0.032266 0.051387
0 0.546570 0.773592 0.057453 0.074538
0 0.608367 0.692574 0.063516 0.119097
0 0.327578 0.627080 0.058719 0.120168
0 0.637453 0.679695 0.046375 0.137920
0 0.510461 0.622363 0.038984 0.084937
0 0.438383 0.637006 0.061609 0.093929
0 0.397711 0.611754 0.037266 0.029853
0 0.366008 0.669968 0.046109 0.069391
0 0.265000 0.634275 0.051625 0.068929
0 0.193172 0.578183 0.025469 0.087500
0 0.348438 0.876218 0.090938 0.060630
0 0.423438 0.648109 0.843750 0.371849