0 0.957852 0.316969 0.083266 0.191208
0 0.652883 0.709866 0.046078 0.050962
0 0.775578 0.513792 0.075156 0.109553
0 0.941266 0.725951 0.037562 0.041387
0 0.382180 0.143546 0.033547 0.028971
0 0.855328 0.648065 0.044344 0.026555
0 0.759352 0.638669 0.059578 0.025615
0 0.691875 0.621801 0.064000 0.038725
0 0.434555 0.114206 0.168641 0.072752
0 0.699359 0.127539 0.103031 0.059105
0 0.921727 0.673647 0.071422 0.057047
0 0.771805 0.437438 0.083234 0.073714
0 0.899336 0.711309 0.060766 0.121767
0 0.503125 0.436242 0.990625 0.689038