0 0.641687 0.772661 0.037281 0.057458
0 0.876703 0.793593 0.027563 0.053966
0 0.554516 0.699983 0.020781 0.020576
0 0.526398 0.664932 0.006266 0.010000
0 0.417438 0.826475 0.025000 0.060746
0 0.438281 0.900475 0.008563 0.027864
0 0.485828 0.985441 0.022719 0.028712
0 0.343656 0.964305 0.010969 0.052407
0 0.332375 0.918847 0.025969 0.025492
1 0.890367 0.728356 0.112203 0.069322
1 0.300898 0.555085 0.040453 0.029017
1 0.957242 0.610729 0.073203 0.065119
1 0.636875 0.529339 0.033406 0.071288
1 0.446258 0.586831 0.027297 0.020373
1 0.193594 0.568237 0.027125 0.014576
1 0.476055 0.541000 0.007234 0.027627
1 0.256398 0.585186 0.038266 0.025966
0 0.646898 0.666983 0.023016 0.035797
0 0.533328 0.664559 0.021625 0.018000
0 0.343891 0.880390 0.020719 0.019966
1 0.140703 0.564881 0.021625 0.015119
1 0.139828 0.549898 0.005625 0.006576
0 0.438531 0.672390 0.004469 0.006000