0 0.378555 0.474087 0.116922 0.154900
0 0.106125 0.295390 0.058531 0.071091
0 0.579937 0.476236 0.082187 0.170557
0 0.031109 0.642673 0.062219 0.067661
0 0.263820 0.559376 0.057828 0.116704
0 0.938391 0.512183 0.080344 0.140980
0 0.698813 0.482272 0.053312 0.144855
0 0.803312 0.461492 0.051750 0.128018
0 0.073773 0.477517 0.071078 0.175523
0 0.168984 0.483419 0.158344 0.095345
0 0.170500 0.287394 0.019031 0.029488
0 0.879164 0.539454 0.059766 0.127283
0 0.831109 0.495245 0.051375 0.108664
0 0.507031 0.291759 0.748437 0.071269