0 0.249773 0.883008 0.032109 0.034245
0 0.275758 0.469779 0.039516 0.017214
0 0.964031 0.546549 0.027719 0.062370
0 0.187953 0.842747 0.012687 0.011641
0 0.153922 0.829727 0.005656 0.017161
0 0.133930 0.819076 0.008578 0.012995
0 0.103734 0.836081 0.010281 0.030234
0 0.726102 0.472943 0.030797 0.020521
0 0.358656 0.446068 0.045844 0.024740
0 0.304625 0.895234 0.007406 0.010260
0 0.326898 0.889779 0.022047 0.038464
0 0.219836 0.836966 0.006266 0.018255
0 0.279156 0.873854 0.036906 0.039375
0 0.498437 0.597656 0.996875 0.679688