1 0.862539 0.734848 0.117828 0.263636
1 0.944258 0.694874 0.082234 0.066818
1 0.660375 0.596490 0.045406 0.182980
1 0.556531 0.738535 0.062531 0.044242
1 0.387008 0.812096 0.110109 0.076313
1 0.445734 0.698384 0.045156 0.062020
1 0.202547 0.737551 0.049281 0.021364
1 0.158523 0.700202 0.021797 0.033535
1 0.135484 0.674293 0.017875 0.034444
1 0.252422 0.645985 0.057563 0.258737
1 0.520391 0.587980 0.034094 0.144242
1 0.414031 0.648005 0.024688 0.029141
1 0.774031 0.593889 0.053812 0.136162
1 0.872656 0.603535 0.139063 0.196970