0 0.418328 0.569447 0.123812 0.042719
0 0.793562 0.669378 0.076969 0.100645
0 0.706562 0.863433 0.071469 0.122581
0 0.616125 0.642523 0.042531 0.113065
0 0.606086 0.520138 0.075828 0.058618
0 0.920250 0.884447 0.134344 0.141797
0 0.982492 0.647535 0.035016 0.102074
0 0.443477 0.609101 0.127703 0.090553
0 0.560359 0.554147 0.058219 0.086313
0 0.462477 0.685565 0.102516 0.088180
0 0.544211 0.662753 0.065953 0.056198
0 0.987734 0.521475 0.024531 0.032627
0 0.397961 0.652592 0.081422 0.141728
0 0.667969 0.750000 0.660937 0.357143