1 0.719406 0.842750 0.106125 0.062542
1 0.793766 0.805010 0.122844 0.058229
1 0.840883 0.757073 0.090922 0.082021
1 0.888094 0.744698 0.085062 0.053604
1 0.587211 0.658865 0.047516 0.033604
1 0.495773 0.682427 0.113172 0.069812
1 0.422563 0.716385 0.056000 0.039688
1 0.569164 0.816031 0.118109 0.078104
1 0.393000 0.607260 0.037375 0.031479
1 0.675922 0.762469 0.089719 0.063437
1 0.100281 0.589885 0.052250 0.056187
1 0.475727 0.697271 0.059297 0.044458
1 0.442102 0.653156 0.055328 0.146313
1 0.500000 0.716667 0.996875 0.562500