0 0.351516 0.628993 0.034375 0.134895
0 0.524937 0.852623 0.037500 0.032740
0 0.548148 0.725234 0.010203 0.034215
0 0.236906 0.626967 0.033125 0.018665
0 0.624445 0.887248 0.039109 0.050234
0 0.086719 0.592061 0.012281 0.027447
0 0.060242 0.615902 0.012891 0.023372
1 0.478867 0.327459 0.154047 0.027283
1 0.292344 0.329906 0.083594 0.026838
1 0.161437 0.337518 0.115781 0.021311
1 0.047195 0.343091 0.094297 0.023560
1 0.352594 0.331171 0.067062 0.019251
0 0.032297 0.717049 0.019000 0.026745
0 0.772375 0.701674 0.028813 0.016323
0 0.624031 0.683618 0.015688 0.021522
0 0.574742 0.668934 0.027047 0.017728
0 0.516437 0.681148 0.021875 0.011897
0 0.293734 0.709169 0.026219 0.020304
0 0.268750 0.669789 0.112500 0.103044