0 0.583742 0.083781 0.165828 0.161406
0 0.128367 0.741688 0.081078 0.142969
0 0.792984 0.224164 0.016844 0.012547
0 0.771133 0.215523 0.013453 0.009484
1 0.800273 0.142195 0.064734 0.048422
0 0.752531 0.207883 0.017688 0.010922
0 0.761703 0.215422 0.011375 0.010406
0 0.798805 0.271477 0.013234 0.012953
0 0.804680 0.254508 0.014453 0.011047
0 0.794500 0.249781 0.012906 0.012531
0 0.739820 0.275312 0.014672 0.009906
1 0.705359 0.965078 0.090312 0.037406
1 0.047336 0.543047 0.052828 0.075250
1 0.126961 0.546461 0.041766 0.064359
0 0.681414 0.278430 0.011828 0.010641
0 0.790891 0.243273 0.014125 0.007078
0 0.707484 0.273930 0.015625 0.011172
0 0.578906 0.557031 0.395313 0.848437