1 0.729133 0.443929 0.376984 0.887857
1 0.924922 0.709592 0.150156 0.202653
1 0.031031 0.579885 0.049969 0.085434
1 0.527156 0.549337 0.124031 0.115204
1 0.147094 0.522615 0.028125 0.039464
1 0.232977 0.496939 0.056109 0.034694
0 0.056430 0.949796 0.041203 0.100408
1 0.048430 0.581033 0.033797 0.048801
1 0.069125 0.563291 0.056437 0.069337
1 0.112000 0.560880 0.043719 0.054923
1 0.179250 0.514554 0.045969 0.046148
1 0.465242 0.572066 0.021828 0.043367
1 0.310313 0.472487 0.043312 0.032066
1 0.500000 0.479592 0.996875 0.505102