1 0.470984 0.610317 0.043000 0.026332
1 0.475875 0.646003 0.055063 0.053641
1 0.877945 0.616689 0.078609 0.153852
1 0.742117 0.634802 0.077609 0.035989
1 0.615047 0.626253 0.070312 0.024538
1 0.281375 0.649354 0.050281 0.040396
1 0.357539 0.527744 0.044859 0.173747
1 0.966766 0.679248 0.066469 0.032797
1 0.974430 0.596319 0.050547 0.038707
1 0.687008 0.601873 0.062672 0.038734
1 0.323742 0.586121 0.024609 0.051135
1 0.409555 0.584960 0.047453 0.074459
1 0.188422 0.627282 0.032313 0.033773
1 0.427344 0.592348 0.842187 0.108179