0 0.626852 0.429698 0.007078 0.010116
0 0.374977 0.491102 0.006141 0.007819
0 0.567055 0.408005 0.002922 0.012343
0 0.404867 0.508364 0.006672 0.017935
0 0.422648 0.552065 0.008141 0.009791
0 0.848406 0.559258 0.009156 0.011508
0 0.373656 0.649826 0.007562 0.010464
0 0.320258 0.603968 0.004078 0.011090
0 0.479773 0.499026 0.008828 0.010394
0 0.519617 0.689896 0.003203 0.004478
0 0.284109 0.517923 0.006906 0.012552
0 0.537461 0.414234 0.008047 0.009814
0 0.449695 0.553364 0.006234 0.011137
0 0.512500 0.476798 0.971875 0.661253