1 0.712953 0.820556 0.145625 0.074822
1 0.088594 0.777872 0.124344 0.086730
1 0.899930 0.820199 0.154391 0.201992
1 0.128680 0.902474 0.250672 0.145744
1 0.474437 0.892537 0.128969 0.184319
1 0.308711 0.723868 0.021953 0.014277
1 0.406094 0.786751 0.062594 0.046247
1 0.572680 0.723134 0.029672 0.027191
0 0.316664 0.790933 0.012328 0.024214
0 0.343750 0.771237 0.018656 0.025325
0 0.104109 0.753616 0.009594 0.015912
0 0.635727 0.774308 0.010078 0.023124
0 0.782750 0.739403 0.014625 0.013774
0 0.831141 0.743281 0.011344 0.017463
1 0.878039 0.769727 0.071547 0.040797
1 0.407070 0.718826 0.065516 0.011614
1 0.502547 0.719885 0.029219 0.019140
1 0.494875 0.675199 0.072938 0.018449
0 0.992484 0.727935 0.014844 0.009161
1 0.724656 0.653826 0.041781 0.016499
1 0.512500 0.680294 0.968750 0.094340