0 0.673531 0.218000 0.052062 0.045542
0 0.314383 0.346979 0.021016 0.036625
0 0.479070 0.702083 0.035859 0.050917
0 0.428273 0.688792 0.028297 0.041500
0 0.198219 0.729844 0.044562 0.030104
0 0.141961 0.346344 0.021672 0.038271
0 0.621617 0.341635 0.016891 0.029021
0 0.121773 0.843010 0.069359 0.098937
0 0.462820 0.280417 0.028828 0.063667
0 0.539906 0.711458 0.021625 0.031250
0 0.766953 0.279010 0.022094 0.017979
0 0.848625 0.425042 0.023625 0.013458
0 0.397422 0.693604 0.017563 0.026750
0 0.268289 0.716333 0.020859 0.032750
0 0.125234 0.718625 0.029812 0.028125
0 0.448234 0.693354 0.023344 0.030833
0 0.415648 0.699094 0.022141 0.030646
0 0.369930 0.696833 0.022984 0.020250
0 0.340148 0.685760 0.022484 0.023271
0 0.297500 0.684875 0.016250 0.014833
0 0.288047 0.706323 0.024719 0.019188
0 0.275484 0.690969 0.026750 0.017979
0 0.263656 0.703542 0.014938 0.011125
0 0.225867 0.708156 0.013766 0.008229
0 0.149945 0.416552 0.018203 0.022604
0 0.500000 0.403125 0.996875 0.685417