0 0.329188 0.401313 0.015031 0.025250
0 0.293227 0.396594 0.012734 0.028563
0 0.257430 0.395354 0.025609 0.024500
0 0.223578 0.391510 0.012313 0.027021
0 0.452969 0.418792 0.010531 0.031833
0 0.394711 0.410229 0.012859 0.036417
0 0.583063 0.459146 0.017750 0.027958
0 0.494078 0.430250 0.010125 0.027375
0 0.404906 0.384771 0.021438 0.016042
0 0.375719 0.407687 0.010375 0.024750
0 0.695047 0.512302 0.011531 0.030604
0 0.717898 0.525042 0.014234 0.027292
0 0.197195 0.322469 0.010109 0.024729
0 0.510156 0.300000 0.735938 0.566667