0 0.696580 0.905507 0.060880 0.154800
0 0.536450 0.824013 0.071140 0.126480
0 0.399490 0.800867 0.057500 0.076667
0 0.299350 0.826853 0.076620 0.120587
0 0.374200 0.928480 0.125280 0.083520
0 0.838870 0.524120 0.021380 0.037253
0 0.560950 0.413960 0.095460 0.081787
0 0.433320 0.558013 0.025280 0.056507
0 0.945500 0.857293 0.097760 0.110107
0 0.605060 0.859560 0.091000 0.123600
0 0.852950 0.796840 0.091540 0.091867
0 0.018470 0.803240 0.036940 0.054587
0 0.749010 0.777933 0.090740 0.087067
0 0.567000 0.498667 0.862000 0.997333