1 0.426617 0.902899 0.541141 0.187160
1 0.856437 0.789202 0.286156 0.222441
1 0.115664 0.752899 0.121984 0.219272
1 0.274586 0.760211 0.035734 0.025305
1 0.380836 0.835293 0.511297 0.189930
1 0.429211 0.743615 0.046953 0.038920
1 0.588422 0.738744 0.064469 0.042793
1 0.684633 0.805293 0.105141 0.048099
1 0.146977 0.750692 0.034859 0.028099
1 0.216000 0.757077 0.047438 0.012042
1 0.292336 0.778157 0.035984 0.036033
1 0.690242 0.783251 0.053016 0.027535
1 0.089672 0.801549 0.140125 0.072958
1 0.613281 0.761737 0.507812 0.063380