1 0.283670 0.467413 0.111820 0.045173
1 0.337290 0.326987 0.097540 0.048693
1 0.275500 0.221760 0.054480 0.014347
1 0.345900 0.435813 0.110600 0.016320
1 0.453700 0.260493 0.111120 0.027173
1 0.511280 0.349520 0.128000 0.049387
1 0.310530 0.172453 0.114380 0.034080
1 0.578580 0.582627 0.276800 0.066587
1 0.745170 0.355413 0.117540 0.057813
1 0.884220 0.323307 0.191920 0.073920
1 0.709960 0.299920 0.200520 0.072480
1 0.607270 0.482960 0.170220 0.070347
1 0.517100 0.874147 0.289240 0.056773
1 0.456000 0.286667 0.772000 0.440000