0 0.794445 0.703667 0.195578 0.101292
0 0.948070 0.478792 0.103859 0.096375
0 0.934266 0.628667 0.131469 0.046875
0 0.872914 0.929594 0.114453 0.067854
0 0.521039 0.503240 0.091516 0.089396
0 0.548273 0.292521 0.085109 0.085667
0 0.751258 0.458083 0.089047 0.069250
1 0.308430 0.563073 0.495516 0.591021
0 0.731320 0.861302 0.113922 0.055604
0 0.469000 0.218208 0.085875 0.041000
0 0.053625 0.424208 0.106531 0.087458
0 0.861219 0.708906 0.118781 0.101646
0 0.882508 0.957937 0.029328 0.041417
0 0.809375 0.378125 0.221875 0.160417