0 0.448758 0.356148 0.105922 0.088314
0 0.636258 0.428665 0.041953 0.085527
0 0.578664 0.466920 0.051359 0.157166
0 0.200156 0.351686 0.073469 0.119110
0 0.379953 0.499731 0.062687 0.162693
0 0.243602 0.489005 0.091922 0.162974
0 0.855508 0.547881 0.075234 0.122037
0 0.966680 0.230738 0.066641 0.098478
0 0.293852 0.261557 0.095516 0.114590
0 0.088508 0.666932 0.037203 0.140141
0 0.100102 0.819508 0.077453 0.178782
0 0.202125 0.872658 0.045094 0.168735
0 0.255125 0.930222 0.081094 0.139555
0 0.499219 0.543326 0.998437 0.908665