0 0.821456 0.731510 0.195646 0.063620
0 0.713483 0.691290 0.199099 0.072580
0 0.308033 0.684210 0.160210 0.077700
0 0.245240 0.717580 0.077147 0.051400
0 0.763363 0.486150 0.042643 0.034740
0 0.138108 0.500200 0.102943 0.026560
0 0.388213 0.490180 0.067778 0.029560
0 0.498634 0.502090 0.061051 0.028980
0 0.784324 0.641090 0.105826 0.066820
0 0.552417 0.629870 0.079489 0.043340
0 0.546051 0.574670 0.087778 0.034420
0 0.895601 0.709250 0.163634 0.041940
0 0.586847 0.485590 0.029670 0.027500
0 0.653919 0.594780 0.064114 0.049520
0 0.303889 0.499740 0.074565 0.015600
0 0.721622 0.618120 0.133093 0.033760
0 0.093784 0.680670 0.182162 0.092140
0 0.498498 0.603000 0.996997 0.270000