1 0.730828 0.699578 0.518281 0.600843
1 0.434797 0.610117 0.509750 0.487635
1 0.257875 0.615738 0.461781 0.292131
1 0.193164 0.503478 0.386328 0.263068
1 0.067562 0.363103 0.133500 0.090422
1 0.955219 0.304988 0.089563 0.046417
1 0.921570 0.270984 0.126078 0.090726
1 0.883023 0.287447 0.132922 0.032600
1 0.784977 0.257272 0.116953 0.056792
1 0.089133 0.239848 0.118109 0.116698
1 0.688023 0.264052 0.078672 0.043138
1 0.680922 0.251417 0.166563 0.036417
1 0.624250 0.241335 0.126406 0.051475
1 0.560156 0.593677 0.876563 0.807963