1 0.513157 0.498875 0.276831 0.058437
1 0.065000 0.452148 0.126432 0.022484
1 0.427758 0.425023 0.052136 0.015266
1 0.503545 0.423328 0.031408 0.006000
1 0.478345 0.755750 0.602183 0.120250
1 0.071502 0.421461 0.035728 0.012016
1 0.109531 0.416719 0.023099 0.010281
1 0.133251 0.418164 0.031244 0.015922
1 0.276467 0.423781 0.039366 0.008031
1 0.558251 0.424852 0.053779 0.012172
1 0.387770 0.420742 0.042582 0.014484
1 0.743556 0.404867 0.061854 0.055984
1 0.638826 0.410898 0.049249 0.047766
1 0.583333 0.400781 0.828638 0.082812