0 0.647586 0.225273 0.035203 0.047547
0 0.800406 0.345219 0.039094 0.032813
0 0.721992 0.280289 0.026891 0.035047
0 0.812211 0.175680 0.028453 0.030734
0 0.733406 0.367445 0.079219 0.066391
0 0.713641 0.235687 0.027937 0.023750
0 0.821750 0.281148 0.038656 0.029547
0 0.760969 0.234508 0.023094 0.030859
0 0.674727 0.172922 0.023922 0.023563
0 0.709055 0.156711 0.018047 0.020641
0 0.734594 0.147289 0.021719 0.023672
0 0.613672 0.175070 0.023375 0.032891
0 0.448039 0.157586 0.025859 0.025859
0 0.628906 0.114062 0.317188 0.068750