0 0.437531 0.576514 0.120500 0.239225
0 0.977398 0.867113 0.043891 0.063756
0 0.949102 0.789460 0.042766 0.056056
0 0.951102 0.712899 0.051672 0.050446
0 0.740977 0.755188 0.053922 0.089108
0 0.736141 0.843333 0.060094 0.079437
0 0.671648 0.786514 0.068516 0.066033
0 0.578789 0.900129 0.064453 0.062606
0 0.540422 0.868333 0.048375 0.084085
0 0.912109 0.695845 0.046187 0.038779
0 0.757258 0.684413 0.048422 0.054554
0 0.568953 0.793944 0.051906 0.091831
0 0.835477 0.743885 0.028359 0.109038
0 0.632031 0.645540 0.498437 0.215962