0 0.714234 0.488554 0.011969 0.012578
0 0.600133 0.691482 0.007641 0.006048
0 0.919430 0.144783 0.011234 0.019349
0 0.146367 0.362807 0.017297 0.012602
0 0.117367 0.420542 0.009547 0.011831
0 0.294102 0.541747 0.010703 0.013566
0 0.316312 0.728458 0.008625 0.008241
0 0.351102 0.742024 0.007453 0.010217
0 0.627141 0.494819 0.013000 0.010988
0 0.367234 0.474349 0.010781 0.012458
0 0.396812 0.714060 0.010000 0.008458
0 0.576961 0.647373 0.007797 0.008771
0 0.388234 0.678735 0.009062 0.011494
0 0.441406 0.577108 0.673438 0.474699