1 0.420102 0.596323 0.740891 0.357788
1 0.908352 0.363960 0.078422 0.072987
1 0.363672 0.294650 0.033156 0.067486
1 0.495781 0.325170 0.047219 0.023535
1 0.123750 0.381957 0.043406 0.035255
1 0.597859 0.318214 0.029937 0.022628
1 0.707289 0.324811 0.035828 0.021985
1 0.629148 0.324849 0.028078 0.018053
1 0.669484 0.313922 0.020719 0.019679
1 0.691547 0.285151 0.017344 0.048526
1 0.728539 0.314480 0.023047 0.011267
1 0.726227 0.284527 0.016672 0.048412
1 0.760195 0.283497 0.018328 0.063289
1 0.537500 0.314745 0.909375 0.073724