1 0.665914 0.665052 0.099703 0.033771
1 0.368789 0.610000 0.030922 0.090000
1 0.256430 0.592573 0.040953 0.112437
1 0.191000 0.726146 0.235219 0.117458
1 0.081070 0.700333 0.098984 0.044000
1 0.531484 0.642354 0.051594 0.040000
1 0.479711 0.642188 0.052391 0.033083
1 0.333602 0.708927 0.085391 0.085271
1 0.101750 0.662177 0.095094 0.055688
1 0.405406 0.631219 0.029094 0.049354
1 0.972375 0.666042 0.052062 0.018042
1 0.445063 0.642656 0.024750 0.025104
1 0.587781 0.660937 0.058406 0.023833
1 0.689844 0.397917 0.551562 0.583333