0 0.681440 0.862575 0.101320 0.112096
0 0.456610 0.748967 0.063020 0.076018
0 0.629360 0.562665 0.055440 0.069401
0 0.691080 0.466781 0.057720 0.051826
0 0.846590 0.401243 0.051900 0.058054
0 0.631280 0.483323 0.019600 0.058683
0 0.700100 0.393608 0.046560 0.045539
0 0.081710 0.937979 0.129020 0.083683
0 0.234810 0.760883 0.114340 0.109491
0 0.529960 0.399880 0.036080 0.038982
0 0.305260 0.529671 0.066320 0.051437
0 0.488380 0.521617 0.043920 0.059401
0 0.675090 0.336856 0.031900 0.026527
0 0.576480 0.673368 0.029560 0.080329
0 0.929960 0.489281 0.072880 0.085569
0 0.426000 0.449102 0.848000 0.568862