0 0.369141 0.615592 0.017906 0.019589
0 0.553461 0.572850 0.023203 0.028116
0 0.641672 0.617597 0.016719 0.027560
0 0.355891 0.629336 0.019500 0.011812
0 0.455766 0.592633 0.023250 0.022126
0 0.482945 0.625278 0.023234 0.016981
0 0.466625 0.682585 0.016125 0.019227
0 0.472992 0.762138 0.020203 0.021570
0 0.558203 0.635459 0.025312 0.033478
0 0.582109 0.613768 0.022156 0.025121
0 0.526609 0.517428 0.021688 0.029541
0 0.062352 0.606280 0.021516 0.026377
0 0.230031 0.632464 0.022187 0.019469
0 0.621281 0.686039 0.018563 0.020000
0 0.560336 0.679988 0.021953 0.020217
0 0.431242 0.672379 0.014922 0.019734
0 0.333727 0.690290 0.017234 0.020821
0 0.310031 0.659746 0.027281 0.017657
0 0.360836 0.412826 0.017391 0.027874
0 0.524937 0.671002 0.019531 0.018623
0 0.791242 0.641510 0.018266 0.035048
0 0.496875 0.681159 0.965625 0.570048