1 0.093148 0.434370 0.124078 0.142542
1 0.184773 0.327700 0.045641 0.223777
1 0.274797 0.413196 0.149969 0.093947
1 0.944867 0.690605 0.057359 0.128378
1 0.795211 0.488220 0.145047 0.107772
1 0.176375 0.434782 0.071438 0.119298
1 0.673219 0.421392 0.100875 0.039201
1 0.660609 0.456247 0.052031 0.028426
1 0.911773 0.558136 0.124047 0.171041
1 0.862906 0.504395 0.208344 0.151792
1 0.321414 0.419504 0.052547 0.065496
1 0.635469 0.456743 0.028437 0.031114
1 0.680586 0.475133 0.064391 0.043099
1 0.661719 0.508475 0.626563 0.217918