1 0.499516 0.761153 0.123375 0.131812
1 0.275687 0.830329 0.136906 0.182776
1 0.151281 0.722518 0.147531 0.136047
1 0.144148 0.634000 0.136828 0.092800
1 0.889039 0.626224 0.092234 0.069671
1 0.702297 0.639388 0.066906 0.078259
1 0.443203 0.583141 0.122375 0.051694
1 0.222734 0.425576 0.155094 0.346212
1 0.674469 0.403988 0.143125 0.377529
1 0.664844 0.536976 0.116531 0.023129
1 0.425023 0.528882 0.080578 0.041012
1 0.906797 0.535035 0.095094 0.048471
1 0.522633 0.626729 0.061078 0.067953
1 0.740625 0.523529 0.509375 0.280000