1 0.183156 0.636401 0.122781 0.465190
1 0.572297 0.845709 0.115688 0.063875
1 0.765320 0.823028 0.107703 0.062941
1 0.387000 0.833512 0.062625 0.049239
1 0.295406 0.787111 0.036406 0.101696
1 0.835203 0.854948 0.046625 0.022353
1 0.255289 0.845121 0.020453 0.022630
1 0.047109 0.801436 0.094219 0.072215
1 0.119750 0.823356 0.024688 0.044775
1 0.399156 0.796298 0.037906 0.061730
1 0.468820 0.852768 0.081672 0.048166
1 0.968125 0.803772 0.024000 0.154879
1 0.958812 0.848339 0.060094 0.073841
1 0.508594 0.837370 0.979688 0.138408