1 0.471180 0.099232 0.043840 0.065030
1 0.754780 0.293253 0.143880 0.185422
1 0.619830 0.281145 0.046100 0.096084
1 0.829090 0.059578 0.074660 0.036928
1 0.337270 0.095587 0.059340 0.051054
1 0.892540 0.268901 0.088280 0.148223
1 0.697130 0.082274 0.030340 0.045994
1 0.929580 0.051822 0.047840 0.087078
1 0.879590 0.017289 0.047540 0.024699
1 0.965330 0.036988 0.047020 0.020904
1 0.567610 0.038148 0.018340 0.074247
1 0.337050 0.217259 0.066060 0.193313
1 0.064960 0.137229 0.101000 0.038193
1 0.357000 0.210843 0.666000 0.403614