1 0.298266 0.602353 0.115031 0.084847
1 0.260227 0.574212 0.113609 0.088706
1 0.433789 0.557424 0.029391 0.057906
1 0.665352 0.601247 0.050859 0.035153
1 0.481211 0.338118 0.120703 0.604000
1 0.590586 0.608118 0.102609 0.044141
1 0.060953 0.635329 0.121906 0.056824
1 0.505016 0.703694 0.206594 0.083953
1 0.737336 0.671000 0.221953 0.103176
1 0.972875 0.578118 0.050250 0.089129
1 0.349250 0.678259 0.104937 0.133318
1 0.773727 0.437529 0.232422 0.435812
1 0.182672 0.589435 0.071875 0.024471
1 0.499219 0.645882 0.998437 0.204706