1 0.628602 0.615859 0.413797 0.124281
1 0.850867 0.543641 0.298141 0.081312
1 0.502992 0.467945 0.386953 0.115641
1 0.294688 0.811656 0.414719 0.189437
1 0.113984 0.952078 0.222969 0.095688
1 0.509000 0.782875 0.206937 0.090469
1 0.617445 0.638664 0.335359 0.130953
1 0.747273 0.609773 0.152359 0.079953
1 0.747750 0.582203 0.364875 0.130625
1 0.921492 0.534758 0.157016 0.030234
1 0.772086 0.507219 0.145766 0.033187
1 0.805898 0.497195 0.149922 0.037953
1 0.233273 0.437344 0.182047 0.071094
1 0.494531 0.501563 0.989062 0.234375