0 0.154820 0.105000 0.037016 0.078542
0 0.749766 0.117396 0.049812 0.066417
0 0.814867 0.102135 0.035328 0.042813
0 0.064516 0.174198 0.041938 0.103229
0 0.093437 0.090417 0.026281 0.031833
0 0.101547 0.063271 0.036219 0.032875
0 0.062719 0.106708 0.026344 0.041250
0 0.144594 0.067552 0.027281 0.029937
0 0.789523 0.156010 0.057203 0.079604
0 0.292195 0.074677 0.030109 0.019146
0 0.785937 0.045729 0.023719 0.037000
0 0.654031 0.061292 0.066125 0.049458
0 0.834711 0.119521 0.034766 0.070583
0 0.205352 0.089312 0.021547 0.047000
0 0.887695 0.102292 0.064328 0.049500
0 0.500000 0.103125 0.996875 0.202083