1 0.308544 0.748670 0.498288 0.281900
1 0.450916 0.506210 0.323333 0.195460
1 0.681321 0.483970 0.360841 0.126020
1 0.853709 0.492160 0.253303 0.079200
1 0.906607 0.384110 0.096637 0.102060
1 0.809009 0.375500 0.129730 0.088200
1 0.839775 0.306550 0.063153 0.044180
1 0.905631 0.309530 0.065856 0.048100
1 0.120285 0.445610 0.240571 0.197740
1 0.574354 0.277190 0.090150 0.029820
1 0.742688 0.369410 0.111081 0.057020
1 0.544985 0.849390 0.392973 0.276540
1 0.558559 0.334540 0.091532 0.040640
1 0.684685 0.290000 0.624625 0.116000