0 0.544055 0.567155 0.061453 0.042343
0 0.657453 0.514780 0.027906 0.034414
0 0.549594 0.469341 0.026500 0.038682
0 0.918305 0.676098 0.044484 0.072657
0 0.774219 0.593159 0.068469 0.042469
0 0.812469 0.572531 0.028000 0.056987
0 0.677445 0.577207 0.034141 0.045084
0 0.422180 0.531726 0.056453 0.029937
0 0.372641 0.551621 0.022156 0.043117
0 0.431383 0.552730 0.061266 0.041025
0 0.344344 0.505680 0.035656 0.054289
0 0.538000 0.503630 0.028906 0.053075
0 0.400055 0.476433 0.026609 0.038347
0 0.350680 0.583828 0.033578 0.038033
0 0.641547 0.548473 0.028156 0.037699
0 0.440625 0.561715 0.434375 0.315900