0 0.047156 0.667427 0.054375 0.030521
0 0.145156 0.673656 0.100000 0.030104
0 0.463602 0.719313 0.093922 0.071250
0 0.457594 0.717854 0.028844 0.027542
0 0.430086 0.636917 0.043359 0.025708
0 0.709617 0.577990 0.033453 0.035354
0 0.683141 0.596990 0.028906 0.029979
0 0.632805 0.677344 0.023828 0.018312
0 0.795859 0.574677 0.023062 0.029813
0 0.863227 0.532333 0.017672 0.027833
0 0.559633 0.699750 0.043109 0.030958
0 0.748344 0.592927 0.039594 0.046354
1 0.401125 0.448313 0.704500 0.191000
0 0.288195 0.634927 0.035797 0.023854
1 0.818398 0.434365 0.038234 0.031146
1 0.775813 0.426875 0.059406 0.023875
0 0.535937 0.617708 0.893750 0.202083