0 0.675159 0.243422 0.008076 0.006375
0 0.695127 0.337867 0.018161 0.010953
0 0.736374 0.232125 0.020275 0.010812
0 0.694514 0.225203 0.013298 0.005375
0 0.808837 0.300414 0.012262 0.006391
0 0.787896 0.321469 0.007125 0.006281
0 0.776586 0.354187 0.011860 0.006781
0 0.789524 0.386266 0.012030 0.007531
0 0.371205 0.367211 0.008753 0.004891
0 0.394683 0.334297 0.006829 0.007062
0 0.815888 0.234133 0.011311 0.006953
0 0.747918 0.375695 0.007970 0.004797
0 0.660740 0.257266 0.006554 0.005656
0 0.631078 0.304688 0.551797 0.171875