0 0.623742 0.631324 0.021922 0.088176
0 0.427625 0.871941 0.063875 0.156294
0 0.355508 0.855456 0.033203 0.090500
0 0.536391 0.648382 0.046844 0.088176
0 0.823719 0.894618 0.041125 0.141941
0 0.592812 0.458147 0.278031 0.204118
0 0.815086 0.783809 0.044984 0.092735
0 0.189742 0.714912 0.046266 0.120235
0 0.884820 0.935809 0.029922 0.108088
0 0.384977 0.831750 0.036328 0.073794
0 0.404914 0.879279 0.033234 0.091441
0 0.481281 0.873132 0.059906 0.087853
0 0.544531 0.852824 0.040969 0.079176
0 0.537500 0.672059 0.743750 0.650000