0 0.694711 0.586427 0.073641 0.107146
0 0.617242 0.580500 0.067391 0.096417
0 0.573281 0.509031 0.049500 0.063563
0 0.777477 0.600698 0.075547 0.139063
0 0.278117 0.498156 0.044047 0.052062
0 0.584180 0.541125 0.072109 0.087625
0 0.487703 0.511854 0.033937 0.067042
0 0.312914 0.463438 0.035109 0.059833
0 0.639641 0.501469 0.058937 0.066021
0 0.398781 0.490719 0.037812 0.056104
0 0.558805 0.494125 0.025016 0.045083
0 0.620187 0.540031 0.065125 0.073146
0 0.247430 0.467229 0.032078 0.058292
0 0.459375 0.490625 0.562500 0.118750