1 0.937969 0.239979 0.058437 0.068298
1 0.887273 0.223415 0.056078 0.064745
1 0.838078 0.216840 0.058781 0.050660
1 0.793586 0.206457 0.056203 0.049979
1 0.299141 0.102383 0.066719 0.049277
1 0.754445 0.206585 0.055391 0.036702
1 0.353555 0.125691 0.044828 0.025511
1 0.434078 0.144638 0.026625 0.018468
1 0.454211 0.104404 0.073016 0.029745
1 0.645242 0.074755 0.087859 0.023000
1 0.976789 0.254362 0.046422 0.052936
1 0.531250 0.117543 0.073438 0.029851
1 0.795211 0.214926 0.055328 0.041894
1 0.513281 0.162766 0.064062 0.036170