0 0.924695 0.782981 0.099203 0.123844
0 0.297961 0.218273 0.055484 0.032256
0 0.712930 0.972047 0.110984 0.055905
0 0.553297 0.957702 0.062469 0.084596
0 0.402078 0.427786 0.052187 0.063259
0 0.340453 0.434081 0.076219 0.051281
0 0.315234 0.330864 0.072594 0.038830
0 0.390672 0.271560 0.065125 0.040947
0 0.427078 0.181727 0.039156 0.034652
0 0.156625 0.431072 0.068750 0.062479
0 0.486562 0.115738 0.047906 0.060669
0 0.801523 0.908078 0.078203 0.143955
0 0.986383 0.965989 0.027234 0.067075
0 0.270313 0.096100 0.512500 0.192201