1 0.801414 0.680708 0.147766 0.101083
1 0.368195 0.765302 0.284016 0.065771
1 0.735289 0.584073 0.089422 0.054062
1 0.542352 0.652521 0.163266 0.069917
1 0.146125 0.644469 0.292250 0.113979
1 0.142977 0.571427 0.089422 0.041896
1 0.862242 0.631542 0.099766 0.055750
1 0.223617 0.672073 0.245391 0.151021
1 0.297641 0.747552 0.232781 0.073229
1 0.615945 0.492875 0.023203 0.094917
1 0.341828 0.589333 0.086594 0.071833
1 0.956570 0.657740 0.086859 0.053729
1 0.963000 0.561698 0.064750 0.048937
1 0.500781 0.650000 0.970313 0.283333