0 0.136531 0.911140 0.029187 0.028933
0 0.113297 0.880847 0.019094 0.020272
1 0.425539 0.606213 0.060641 0.021506
1 0.648977 0.561705 0.317516 0.079686
1 0.221641 0.610126 0.050500 0.012887
1 0.101656 0.603400 0.027219 0.013996
1 0.469180 0.587416 0.023078 0.012908
0 0.035539 0.846360 0.015078 0.022720
1 0.948797 0.580983 0.037844 0.011841
1 0.834344 0.578577 0.011906 0.008494
1 0.305078 0.605387 0.038531 0.010983
1 0.147680 0.604895 0.035797 0.015649
1 0.089516 0.566768 0.025719 0.075795
1 0.806031 0.561056 0.008531 0.042113
0 0.127023 0.819958 0.014234 0.019498
0 0.013305 0.642448 0.006203 0.005983
0 0.001672 0.641192 0.003000 0.004854
1 0.238414 0.598640 0.043234 0.019456
1 0.413281 0.595188 0.823438 0.060669