0 0.221141 0.535116 0.008531 0.020954
0 0.245008 0.525915 0.009172 0.023119
0 0.913883 0.640142 0.010047 0.014201
0 0.899742 0.601418 0.009891 0.008557
0 0.911820 0.581843 0.011953 0.009665
0 0.877328 0.624794 0.012844 0.011701
0 0.856688 0.611572 0.010031 0.014381
0 0.841289 0.611546 0.008484 0.009485
0 0.798875 0.630786 0.008875 0.012036
0 0.773234 0.607075 0.010531 0.008479
0 0.773109 0.588737 0.011406 0.008505
0 0.751062 0.577423 0.005594 0.006443
0 0.398961 0.572384 0.011766 0.018376
0 0.472336 0.567023 0.007766 0.019201
0 0.514344 0.592951 0.013844 0.011881
0 0.709055 0.615979 0.009172 0.025928
0 0.180688 0.486469 0.012250 0.020515
0 0.443750 0.318299 0.884375 0.600515