1 0.383478 0.620680 0.066902 0.058266
1 0.741440 0.695047 0.133804 0.112594
1 0.501970 0.618352 0.052473 0.058328
1 0.560774 0.617164 0.069484 0.055922
1 0.614130 0.615352 0.081739 0.055734
1 0.704620 0.849492 0.133207 0.198328
1 0.337731 0.576414 0.041658 0.037078
1 0.380543 0.573117 0.043804 0.032016
1 0.423614 0.573336 0.059565 0.033172
1 0.460489 0.571844 0.051957 0.026875
1 0.494497 0.573984 0.080788 0.041563
1 0.441264 0.619352 0.051223 0.056453
1 0.254076 0.573547 0.051196 0.032156
1 0.489130 0.577344 0.429348 0.126562