0 0.302200 0.882427 0.097760 0.090560
0 0.214520 0.789080 0.094120 0.071493
0 0.077830 0.890227 0.043740 0.111173
0 0.367250 0.968760 0.071300 0.062480
0 0.396080 0.786613 0.107000 0.110080
0 0.435060 0.770053 0.093360 0.069280
0 0.517050 0.760347 0.072580 0.122187
0 0.591800 0.754280 0.081400 0.120613
0 0.742210 0.441240 0.063460 0.056827
0 0.699920 0.974280 0.068960 0.051440
0 0.839340 0.638547 0.086000 0.089200
0 0.676320 0.823293 0.097760 0.099013
0 0.911650 0.806907 0.045300 0.073173
0 0.867690 0.781760 0.064260 0.077973
0 0.859510 0.711627 0.077060 0.056320
0 0.817610 0.503427 0.037620 0.077627
0 0.874090 0.528120 0.080020 0.065307
0 0.662770 0.390467 0.033220 0.046747
0 0.926210 0.514320 0.061420 0.068160
0 0.503000 0.489333 0.990000 0.685333