0 0.557453 0.622627 0.024406 0.116026
0 0.884844 0.772020 0.085594 0.309117
0 0.166648 0.756369 0.082453 0.207881
0 0.440125 0.588620 0.024031 0.080287
0 0.497766 0.623720 0.037469 0.119536
0 0.363492 0.563819 0.016359 0.062870
0 0.682164 0.679426 0.039828 0.185740
0 0.576664 0.694868 0.053891 0.190618
0 0.514461 0.598400 0.019172 0.081302
0 0.405211 0.577605 0.024109 0.080243
0 0.390672 0.572307 0.015125 0.059625
0 0.466742 0.595927 0.025359 0.086026
0 0.583680 0.627737 0.021297 0.100552
0 0.530469 0.705298 0.651563 0.355408