0 0.015984 0.067170 0.031625 0.017362
0 0.022891 0.047746 0.027875 0.016259
0 0.041875 0.083261 0.030625 0.018034
1 0.665734 0.778129 0.169313 0.065755
0 0.136563 0.078645 0.029625 0.020839
0 0.225438 0.051199 0.022781 0.013333
0 0.249258 0.084832 0.031672 0.024293
0 0.283828 0.102194 0.022750 0.019161
0 0.352391 0.157602 0.026500 0.018082
1 0.285102 0.692062 0.206047 0.293285
0 0.415133 0.085767 0.029797 0.019257
0 0.661789 0.176906 0.021297 0.025659
0 0.460281 0.134041 0.025656 0.010911
0 0.477664 0.105540 0.028641 0.031511
0 0.498836 0.160707 0.020016 0.015564
0 0.528039 0.147074 0.026922 0.017218
0 0.566289 0.151235 0.021547 0.023525
0 0.856039 0.164784 0.028047 0.036187
1 0.430539 0.785324 0.105547 0.097362
1 0.670508 0.780612 0.306547 0.091007
0 0.408594 0.105516 0.814063 0.211031