0 0.345523 0.625521 0.014922 0.016292
0 0.298359 0.656510 0.022219 0.025562
0 0.670977 0.634677 0.019578 0.016771
1 0.701102 0.550531 0.117672 0.082979
0 0.714680 0.638677 0.007984 0.016146
0 0.792273 0.632208 0.015984 0.010042
0 0.287820 0.679594 0.029047 0.037021
0 0.489516 0.585833 0.010656 0.010958
0 0.808414 0.635417 0.013297 0.016625
0 0.799992 0.649969 0.025922 0.016521
0 0.198031 0.622563 0.009781 0.017667
1 0.087961 0.655552 0.175922 0.259271
0 0.347102 0.657854 0.010203 0.021208
0 0.407148 0.655844 0.013891 0.027146
0 0.708914 0.631042 0.007359 0.009500
0 0.458594 0.644792 0.464062 0.197917