0 0.595328 0.820234 0.041219 0.065527
0 0.446977 0.848220 0.038922 0.085995
0 0.324492 0.831885 0.034078 0.065129
0 0.720758 0.880878 0.062797 0.053794
0 0.194617 0.841077 0.042078 0.089508
0 0.933547 0.971206 0.043812 0.057588
0 0.582219 0.829719 0.035437 0.039063
0 0.992352 0.931534 0.015297 0.035761
0 0.209352 0.965386 0.097109 0.069227
0 0.297156 0.951194 0.067969 0.062295
0 0.238508 0.834848 0.049391 0.068899
0 0.083680 0.956417 0.085703 0.087166
0 0.101844 0.812822 0.082219 0.054403
0 0.242188 0.954333 0.278125 0.086651