0 0.535375 0.616764 0.174844 0.121750
0 0.586086 0.761028 0.136828 0.189222
0 0.558156 0.493500 0.080563 0.148833
0 0.889945 0.374097 0.137547 0.104806
0 0.223508 0.473778 0.126891 0.079556
0 0.400148 0.453139 0.070859 0.094222
0 0.471195 0.406972 0.044609 0.037222
0 0.280391 0.347250 0.040344 0.058278
0 0.958258 0.695319 0.051328 0.057917
0 0.268281 0.189819 0.010406 0.025972
0 0.508461 0.440944 0.034922 0.055333
0 0.344703 0.545931 0.109844 0.101694
0 0.164273 0.136917 0.033703 0.043056
0 0.885156 0.322222 0.179688 0.088889