1 0.736650 0.643313 0.188100 0.102149
1 0.780980 0.845701 0.298000 0.130448
1 0.790650 0.864149 0.234740 0.080358
1 0.181900 0.923299 0.094560 0.033642
1 0.171640 0.782030 0.198760 0.067403
1 0.061740 0.820866 0.123480 0.060478
1 0.158490 0.691343 0.112860 0.065194
1 0.482900 0.571881 0.040080 0.040000
1 0.520420 0.573985 0.072200 0.047791
1 0.084390 0.587776 0.168780 0.072269
1 0.716780 0.748433 0.201640 0.060806
1 0.212930 0.622881 0.070620 0.024328
1 0.592000 0.582896 0.054080 0.038388
1 0.500000 0.759701 0.996000 0.474627