0 0.302227 0.075599 0.001984 0.003967
0 0.299164 0.074014 0.001922 0.004413
0 0.311063 0.063744 0.002906 0.004906
0 0.292883 0.109261 0.002797 0.002934
0 0.262609 0.097477 0.003000 0.004343
0 0.335805 0.071913 0.001484 0.008991
0 0.330609 0.071420 0.003125 0.009789
0 0.336719 0.070364 0.001875 0.007254
0 0.349320 0.101831 0.008578 0.010329
0 0.357477 0.088451 0.002891 0.005211
0 0.276930 0.116772 0.006422 0.005094
0 0.375523 0.063322 0.002359 0.004812
0 0.295320 0.051502 0.002703 0.006244
0 0.291406 0.095070 0.179688 0.096244