0 0.800896 0.934656 0.014060 0.011406
0 0.726872 0.951195 0.017364 0.014547
0 0.876230 0.902609 0.009156 0.007281
0 0.777258 0.919852 0.019402 0.017234
0 0.743322 0.918555 0.015782 0.009828
0 0.984649 0.965391 0.026134 0.017906
0 0.949288 0.949961 0.016046 0.013359
0 0.923339 0.943062 0.019192 0.012250
0 0.915598 0.931430 0.017557 0.014453
0 0.903673 0.945211 0.016169 0.010172
0 0.874859 0.949398 0.022443 0.019953
0 0.855325 0.924805 0.012056 0.008828
0 0.806714 0.924617 0.020211 0.009766
0 0.766845 0.964156 0.018436 0.015156
0 0.768014 0.917188 0.442882 0.068750