1 0.257914 0.894146 0.242828 0.177916
1 0.466258 0.814501 0.295703 0.269002
1 0.687547 0.857783 0.264313 0.161596
1 0.881664 0.827982 0.234359 0.177029
1 0.281758 0.685344 0.140297 0.075831
1 0.076391 0.898426 0.151469 0.178404
1 0.388734 0.644035 0.091438 0.119823
1 0.636656 0.759900 0.170938 0.091596
1 0.185961 0.591896 0.108234 0.064723
1 0.898539 0.607882 0.202922 0.102062
1 0.195477 0.408936 0.090516 0.135211
1 0.041070 0.433381 0.042641 0.036430
1 0.102695 0.397772 0.048359 0.122328
1 0.175000 0.483370 0.346875 0.319290