0 0.192445 0.562458 0.089016 0.286500
0 0.494352 0.530823 0.269359 0.516146
0 0.824945 0.598542 0.069766 0.097458
1 0.361414 0.249240 0.099391 0.055854
0 0.928187 0.526656 0.038375 0.088646
0 0.100984 0.504563 0.016344 0.053250
0 0.585805 0.430146 0.201266 0.371375
0 0.826852 0.500552 0.040078 0.074146
0 0.377672 0.370969 0.024125 0.016771
0 0.249086 0.492031 0.017516 0.042979
0 0.052859 0.442708 0.059437 0.049375
0 0.737117 0.540156 0.057141 0.079438
0 0.657906 0.433042 0.045562 0.057167
0 0.420516 0.538198 0.057625 0.055813
0 0.296875 0.440625 0.590625 0.235417