1 0.558820 0.628294 0.072234 0.121495
1 0.177039 0.598890 0.144266 0.065210
1 0.058211 0.646612 0.115828 0.098364
1 0.296844 0.564112 0.114375 0.047103
1 0.376109 0.545129 0.055844 0.038995
1 0.901664 0.650117 0.196672 0.107850
1 0.766344 0.584918 0.086063 0.045771
1 0.725828 0.561682 0.062344 0.039206
1 0.681609 0.562547 0.032031 0.019766
1 0.663352 0.548598 0.033672 0.024112
1 0.848141 0.586893 0.085531 0.015000
1 0.637312 0.541822 0.016438 0.019065
1 0.623148 0.528762 0.019297 0.031822
1 0.508594 0.523364 0.217188 0.042056