0 0.447203 0.631417 0.036594 0.044614
0 0.643781 0.466335 0.031438 0.051405
0 0.375453 0.616429 0.020500 0.044614
0 0.559937 0.423782 0.036000 0.045222
0 0.578781 0.470293 0.048656 0.142225
0 0.615234 0.447354 0.022062 0.083326
0 0.673836 0.476581 0.032047 0.048337
0 0.602750 0.619672 0.053844 0.050539
0 0.166930 0.252190 0.013828 0.013560
0 0.425289 0.635937 0.028422 0.045269
0 0.119172 0.239895 0.014594 0.022131
0 0.194773 0.251534 0.018203 0.018899
0 0.261719 0.283068 0.013500 0.008946
0 0.435937 0.456674 0.687500 0.234192