0 0.677594 0.569167 0.025875 0.018750
0 0.851547 0.551667 0.038750 0.034833
0 0.837695 0.509948 0.014516 0.015063
0 0.766773 0.585073 0.022484 0.016896
0 0.559977 0.520250 0.014672 0.013417
0 0.624078 0.546240 0.013219 0.016271
0 0.699422 0.567063 0.021969 0.022417
0 0.925914 0.573344 0.014422 0.018021
0 0.406023 0.540875 0.018016 0.022250
0 0.547641 0.527687 0.012188 0.011125
0 0.894539 0.527521 0.017328 0.021958
1 0.254297 0.490750 0.066000 0.019625
0 0.762352 0.547115 0.035859 0.031396
0 0.848055 0.516656 0.016734 0.013521
0 0.787828 0.540490 0.020875 0.018312
0 0.497867 0.533073 0.009359 0.017604
0 0.757664 0.531115 0.014266 0.016188
0 0.810156 0.529167 0.360938 0.054167