0 0.344953 0.536566 0.044438 0.126868
0 0.152641 0.661293 0.039969 0.080287
0 0.221703 0.640603 0.052719 0.132356
0 0.256055 0.581221 0.037266 0.080891
0 0.575805 0.460330 0.184953 0.181408
0 0.456375 0.492557 0.035000 0.112011
0 0.589570 0.434626 0.035484 0.069828
0 0.399266 0.519828 0.040031 0.132529
0 0.299742 0.562486 0.036734 0.078822
0 0.543828 0.465144 0.037156 0.142299
0 0.912883 0.341480 0.060203 0.084454
0 0.805828 0.362917 0.032719 0.069741
0 0.697273 0.435474 0.036891 0.138305
0 0.755469 0.372126 0.042188 0.089080