1 0.397480 0.679360 0.080760 0.019520
1 0.596440 0.358950 0.192400 0.080780
1 0.140800 0.451870 0.216160 0.086900
1 0.366210 0.667740 0.071140 0.017080
1 0.880510 0.156890 0.115540 0.042900
1 0.425250 0.943410 0.075620 0.048100
1 0.366060 0.140980 0.076560 0.023840
1 0.875490 0.727100 0.073260 0.041200
1 0.772220 0.688250 0.048680 0.029220
1 0.410530 0.670850 0.046380 0.010740
1 0.842890 0.696850 0.053580 0.030620
1 0.439530 0.147840 0.052580 0.045160
1 0.847220 0.435100 0.171560 0.082800
1 0.502000 0.540000 0.992000 0.900000