0 0.457440 0.083055 0.019740 0.008578
0 0.400781 0.080766 0.011367 0.002344
0 0.742614 0.117266 0.027831 0.015406
0 0.302484 0.210398 0.016725 0.014641
0 0.326800 0.278414 0.017028 0.012266
0 0.407354 0.329258 0.006204 0.004234
0 0.250076 0.356508 0.016638 0.009234
0 0.197028 0.325266 0.017180 0.008406
0 0.196497 0.381484 0.010043 0.009125
0 0.480651 0.146227 0.013796 0.009234
0 0.409360 0.285914 0.008134 0.004516
0 0.472495 0.296414 0.014187 0.005109
0 0.503221 0.302344 0.011085 0.007875
0 0.434805 0.169039 0.009566 0.007828
0 0.504338 0.319531 0.986985 0.504687