0 0.274039 0.036646 0.046328 0.023875
0 0.473633 0.753344 0.027484 0.020479
1 0.459266 0.858052 0.153375 0.085396
0 0.353172 0.708323 0.009000 0.017646
0 0.630734 0.402010 0.011156 0.012937
0 0.484000 0.131146 0.017094 0.013083
0 0.515328 0.700083 0.009062 0.009708
0 0.100930 0.713938 0.006328 0.010042
0 0.113930 0.683948 0.005984 0.007979
0 0.334031 0.566552 0.009281 0.009521
0 0.604570 0.532552 0.008641 0.008437
0 0.404805 0.694375 0.004234 0.009250
0 0.359500 0.724667 0.007062 0.010000
0 0.402242 0.525302 0.005391 0.007354
0 0.511719 0.622917 0.973437 0.508333