1 0.519086 0.340808 0.155578 0.677119
1 0.856453 0.546710 0.208437 0.234637
1 0.604969 0.374157 0.082469 0.092155
1 0.342781 0.388735 0.080125 0.060796
1 0.473594 0.385984 0.068031 0.096792
1 0.747023 0.275047 0.068516 0.227237
1 0.160789 0.569813 0.288516 0.231991
1 0.820070 0.329895 0.054859 0.071639
1 0.272469 0.249368 0.063062 0.216206
1 0.071234 0.294122 0.067969 0.112646
1 0.209125 0.320539 0.046687 0.072787
1 0.045828 0.484578 0.091656 0.188548
1 0.030492 0.281956 0.060047 0.212529
1 0.616406 0.319672 0.176563 0.100703