1 0.291852 0.683946 0.153703 0.062600
1 0.654375 0.633513 0.086031 0.059016
1 0.792312 0.663349 0.166281 0.078501
1 0.385750 0.540902 0.079687 0.026721
1 0.588641 0.511674 0.046312 0.024707
1 0.856250 0.573419 0.044312 0.035785
1 0.959969 0.604415 0.055406 0.027049
1 0.526258 0.600000 0.071266 0.032646
1 0.406594 0.520234 0.068719 0.022576
1 0.535133 0.511909 0.059297 0.022365
1 0.753984 0.604520 0.079719 0.030632
1 0.115328 0.526159 0.050156 0.022670
1 0.956883 0.639824 0.061859 0.030515
1 0.492969 0.496487 0.982812 0.093677