1 0.532055 0.822313 0.117203 0.069083
1 0.589953 0.761646 0.119562 0.042750
1 0.571555 0.740677 0.077078 0.041688
1 0.898914 0.754073 0.145516 0.112021
1 0.803570 0.713354 0.059922 0.020875
1 0.540023 0.697323 0.024922 0.017604
1 0.501859 0.694646 0.023000 0.017000
1 0.403055 0.710771 0.027547 0.025000
1 0.165469 0.697771 0.027625 0.012792
1 0.368516 0.723938 0.029625 0.037042
1 0.045266 0.715427 0.074000 0.047063
1 0.574984 0.707719 0.040406 0.017729
1 0.897969 0.673010 0.056313 0.024313
1 0.740625 0.680208 0.484375 0.127083