0 0.921578 0.708716 0.021531 0.026117
0 0.260320 0.853810 0.067172 0.040856
0 0.710617 0.798424 0.042484 0.039603
0 0.663695 0.632004 0.074922 0.072150
0 0.630555 0.500376 0.034641 0.073612
0 0.338102 0.622109 0.051234 0.051691
0 0.138258 0.657182 0.070922 0.048267
0 0.799742 0.720177 0.018047 0.031921
0 0.300148 0.562724 0.039203 0.053215
0 0.724125 0.763351 0.020938 0.018894
0 0.856539 0.730177 0.010891 0.020731
0 0.870547 0.732192 0.009844 0.014990
0 0.519977 0.802620 0.058516 0.052129
0 0.791406 0.613779 0.414062 0.342380