0 0.287719 0.364063 0.025750 0.020292
0 0.914672 0.346479 0.021000 0.020167
0 0.678469 0.355823 0.027875 0.021854
0 0.697211 0.348594 0.015703 0.015021
0 0.365398 0.355802 0.025641 0.029687
0 0.748727 0.344542 0.011391 0.022250
0 0.654414 0.350177 0.023266 0.020938
0 0.623664 0.354698 0.019609 0.015938
0 0.270367 0.357354 0.014891 0.019583
0 0.090883 0.372854 0.017391 0.012250
0 0.051406 0.360677 0.026406 0.030354
0 0.043734 0.372552 0.016906 0.013479
0 0.986055 0.340646 0.010234 0.023375
0 0.605469 0.352083 0.598437 0.041667