1 0.528008 0.423592 0.140609 0.101127
1 0.322445 0.373415 0.062828 0.055047
1 0.387375 0.370270 0.069000 0.060399
1 0.441164 0.361937 0.066797 0.065329
1 0.876891 0.373380 0.022687 0.020751
1 0.548008 0.359789 0.044547 0.038451
1 0.888602 0.387042 0.108484 0.056901
1 0.623109 0.418474 0.134594 0.087277
1 0.734656 0.411866 0.162219 0.072934
1 0.941953 0.365423 0.112656 0.065540
1 0.823547 0.378826 0.118719 0.078263
1 0.375312 0.342207 0.060406 0.040094
1 0.509219 0.358908 0.075563 0.041573
1 0.522656 0.365023 0.667188 0.133803