0 0.623984 0.683806 0.248094 0.627565
0 0.285180 0.747530 0.202391 0.428251
0 0.081883 0.328298 0.123078 0.136927
0 0.193414 0.352470 0.205766 0.190804
0 0.301203 0.286915 0.173531 0.330473
0 0.424797 0.541466 0.077156 0.440284
0 0.599109 0.672364 0.267813 0.496596
0 0.917359 0.748322 0.165281 0.319102
0 0.811625 0.369716 0.091969 0.371064
0 0.922844 0.481702 0.124438 0.279669
0 0.742453 0.609196 0.102906 0.446194
0 0.097609 0.620272 0.184938 0.494066
0 0.094703 0.215957 0.150469 0.164681
0 0.497656 0.393617 0.995313 0.621749