0 0.521016 0.148234 0.010039 0.007562
0 0.521943 0.141148 0.008262 0.007922
0 0.496855 0.118461 0.006016 0.010672
0 0.664707 0.140141 0.010078 0.012469
0 0.656631 0.139508 0.009590 0.018234
0 0.687529 0.153359 0.020840 0.018531
0 0.714336 0.137703 0.006367 0.009531
0 0.430107 0.157352 0.010762 0.015047
0 0.653701 0.087258 0.009395 0.011266
0 0.700986 0.108984 0.011699 0.009938
0 0.298936 0.114219 0.009395 0.010219
0 0.364053 0.138391 0.008770 0.009062
0 0.424219 0.103852 0.008594 0.012328
0 0.557441 0.126852 0.011406 0.010953
0 0.502383 0.159742 0.009219 0.011422
0 0.511807 0.131156 0.009043 0.010406
0 0.477539 0.115625 0.564453 0.165625