1 0.418469 0.437635 0.167500 0.113583
1 0.255336 0.207412 0.461266 0.316042
1 0.626688 0.172354 0.319031 0.244333
1 0.163914 0.585187 0.192734 0.138290
1 0.662234 0.785890 0.617656 0.356417
1 0.895680 0.385070 0.208641 0.228923
1 0.564227 0.816042 0.630953 0.338267
1 0.954586 0.276370 0.090828 0.093958
1 0.843031 0.602881 0.313937 0.201733
1 0.365844 0.178044 0.506156 0.355855
1 0.719922 0.730867 0.560156 0.340749
1 0.113687 0.550035 0.214031 0.215527
1 0.528734 0.184789 0.342000 0.272717
1 0.625000 0.384075 0.746875 0.763466