0 0.501383 0.924953 0.022609 0.019602
0 0.550867 0.952740 0.014297 0.020937
1 0.147414 0.855422 0.101234 0.097775
1 0.457539 0.883946 0.151547 0.035480
1 0.541133 0.819016 0.024047 0.015550
0 0.563305 0.121850 0.037953 0.012927
0 0.784617 0.943829 0.012422 0.020164
0 0.388898 0.976429 0.025172 0.014824
0 0.603492 0.925199 0.008922 0.006698
0 0.774953 0.933653 0.014125 0.014098
0 0.757508 0.928911 0.008234 0.014731
0 0.567078 0.937471 0.015156 0.019578
1 0.297133 0.792260 0.057453 0.041756
0 0.667680 0.964625 0.016547 0.017635
0 0.695977 0.842283 0.013547 0.008829
0 0.768844 0.927951 0.008937 0.012295
0 0.753125 0.887588 0.109375 0.126464