1 0.443422 0.284040 0.156062 0.043489
1 0.543930 0.229403 0.204047 0.045129
1 0.932937 0.217998 0.022406 0.017728
1 0.672266 0.217506 0.037312 0.012014
1 0.766336 0.263220 0.116797 0.031452
1 0.209250 0.234215 0.051625 0.019859
1 0.139992 0.198103 0.062266 0.044122
1 0.374531 0.235164 0.064125 0.036183
1 0.162266 0.267904 0.090594 0.027143
1 0.904156 0.246159 0.059781 0.033489
1 0.437969 0.253044 0.063125 0.015644
1 0.249578 0.250609 0.024719 0.027166
1 0.765648 0.248349 0.077484 0.020679
1 0.499219 0.556206 0.998437 0.882904