1 0.680195 0.393193 0.154703 0.045914
1 0.656008 0.710472 0.016047 0.046916
1 0.587039 0.244371 0.118641 0.047053
1 0.818195 0.515472 0.045641 0.022220
1 0.469922 0.108772 0.116469 0.024774
1 0.279836 0.053517 0.055047 0.019175
1 0.415750 0.037318 0.041219 0.010511
1 0.800117 0.436729 0.029766 0.011611
1 0.171609 0.181493 0.050719 0.026130
1 0.379547 0.121287 0.048219 0.014833
1 0.343000 0.118458 0.029625 0.017426
1 0.498508 0.078733 0.045766 0.023399
1 0.191320 0.467004 0.025203 0.028821
1 0.313281 0.345776 0.585938 0.601179