1 0.858047 0.492165 0.283906 0.376531
1 0.861703 0.611938 0.170938 0.054833
1 0.813672 0.574605 0.145406 0.072273
1 0.590648 0.356555 0.064672 0.198947
1 0.544297 0.435945 0.031187 0.036148
1 0.667703 0.418983 0.099281 0.075478
1 0.261758 0.438828 0.051797 0.051531
1 0.202336 0.439605 0.049234 0.044569
1 0.110109 0.446734 0.081781 0.045000
1 0.499406 0.420048 0.063250 0.063062
1 0.516086 0.692428 0.109203 0.116483
1 0.685375 0.798014 0.425750 0.372823
1 0.033156 0.429785 0.046594 0.065646
1 0.237500 0.699761 0.475000 0.595694