1 0.324230 0.810602 0.648460 0.374450
1 0.644370 0.819856 0.475340 0.360288
1 0.938180 0.806073 0.123640 0.387853
1 0.263590 0.654529 0.527180 0.247277
1 0.095870 0.637448 0.191740 0.147618
1 0.194010 0.574162 0.319340 0.056178
1 0.544180 0.485537 0.081400 0.031597
1 0.678690 0.481976 0.025300 0.018560
1 0.796830 0.482565 0.036540 0.018325
1 0.469160 0.498154 0.072600 0.028717
1 0.832030 0.485615 0.038540 0.028665
1 0.374800 0.559673 0.053400 0.061754
1 0.974510 0.477932 0.050980 0.040995
1 0.539000 0.541885 0.838000 0.204188