0 0.831328 0.659322 0.019844 0.053131
0 0.802516 0.671402 0.017188 0.048692
0 0.868750 0.643785 0.021875 0.054860
0 0.531703 0.392056 0.027687 0.048598
0 0.566039 0.324579 0.012234 0.052897
0 0.692477 0.640853 0.021578 0.051612
0 0.356133 0.304778 0.094297 0.058575
0 0.701203 0.586530 0.013781 0.049276
0 0.567711 0.392979 0.055641 0.049463
0 0.341734 0.397874 0.023312 0.059439
0 0.685180 0.417161 0.022266 0.050724
0 0.326461 0.271986 0.030578 0.067056
0 0.438977 0.344030 0.028172 0.064930
0 0.471102 0.425572 0.017297 0.075537
0 0.362078 0.542290 0.040125 0.034299
0 0.390586 0.436297 0.012984 0.043341
0 0.291398 0.210164 0.020984 0.056729
0 0.258828 0.259287 0.056125 0.047827
0 0.386719 0.415888 0.267188 0.289720