0 0.061602 0.522400 0.070891 0.113372
0 0.715430 0.541979 0.076391 0.136745
0 0.857891 0.513595 0.084562 0.161241
0 0.791617 0.371487 0.047078 0.043068
0 0.732453 0.388197 0.040438 0.022061
0 0.032164 0.369450 0.030953 0.022037
0 0.745062 0.359895 0.015906 0.042459
0 0.680562 0.360117 0.016688 0.031148
0 0.699688 0.379321 0.031844 0.027260
0 0.370477 0.355609 0.016547 0.016745
0 0.430797 0.350913 0.011437 0.025714
0 0.504453 0.352002 0.016625 0.024614
0 0.569633 0.364824 0.019141 0.015878
0 0.619531 0.389930 0.676562 0.100703