0 0.590227 0.685458 0.011422 0.007250
0 0.763742 0.433448 0.035234 0.034229
0 0.706961 0.449521 0.020734 0.039792
0 0.510672 0.439333 0.019500 0.033292
0 0.525391 0.435021 0.015531 0.028583
0 0.665750 0.452656 0.015750 0.034271
0 0.690094 0.438500 0.026844 0.027125
0 0.540516 0.449854 0.014563 0.021125
0 0.444977 0.451010 0.014328 0.021646
0 0.471469 0.449729 0.023594 0.034375
0 0.488117 0.445615 0.014484 0.035062
0 0.576633 0.450417 0.027047 0.035667
0 0.899813 0.460573 0.020563 0.040854
0 0.660937 0.444792 0.440625 0.060417