0 0.370305 0.498906 0.034359 0.049010
0 0.964188 0.744362 0.060813 0.058568
0 0.675469 0.364206 0.062031 0.057526
0 0.748602 0.481029 0.050172 0.049036
0 0.756703 0.547161 0.065812 0.040052
0 0.785547 0.614740 0.048688 0.041979
0 0.615703 0.572891 0.054031 0.046250
0 0.537055 0.583307 0.047016 0.049375
0 0.900000 0.641562 0.051438 0.057135
0 0.494406 0.440716 0.061125 0.055703
0 0.133117 0.539714 0.048766 0.043333
0 0.267859 0.490977 0.038031 0.049818
0 0.360953 0.340690 0.045406 0.045234
0 0.509375 0.511719 0.937500 0.445312