1 0.330070 0.632799 0.022359 0.013326
1 0.440555 0.801124 0.189984 0.224215
1 0.566680 0.782822 0.097234 0.119321
1 0.890602 0.596089 0.055766 0.022904
1 0.229242 0.496335 0.056953 0.024473
1 0.589187 0.704836 0.030625 0.018899
1 0.606969 0.565867 0.015313 0.012951
1 0.194766 0.481698 0.030844 0.013326
1 0.590383 0.703934 0.030859 0.017705
1 0.217984 0.481405 0.045406 0.019438
1 0.937453 0.593724 0.038156 0.021780
1 0.360453 0.444836 0.046125 0.020913
1 0.270688 0.466569 0.028469 0.018150
1 0.554688 0.535129 0.887500 0.330211