1 0.523281 0.807810 0.059937 0.117635
1 0.482406 0.824438 0.046062 0.105176
1 0.602969 0.780480 0.071219 0.113326
1 0.258297 0.879098 0.061625 0.163021
1 0.202109 0.885141 0.052594 0.177916
1 0.426086 0.434602 0.158547 0.169204
1 0.506156 0.461815 0.135750 0.150468
1 0.557336 0.481194 0.078328 0.081780
1 0.626641 0.520410 0.113312 0.107611
1 0.590820 0.491171 0.121297 0.131382
1 0.396766 0.746920 0.053656 0.323724
1 0.867969 0.586862 0.084937 0.112131
1 0.314875 0.419778 0.167219 0.116557
1 0.499219 0.498829 0.998437 0.997658