1 0.056528 0.740671 0.113056 0.108353
1 0.187774 0.769459 0.203636 0.038776
1 0.826873 0.736894 0.195470 0.064565
1 0.133190 0.671588 0.110329 0.020918
1 0.661434 0.713165 0.147571 0.083976
1 0.970447 0.748859 0.057915 0.054282
1 0.110016 0.620953 0.065361 0.046282
1 0.583143 0.700976 0.036003 0.091271
1 0.535094 0.716565 0.055956 0.055482
1 0.399005 0.695106 0.139451 0.066165
1 0.321763 0.701635 0.040047 0.023882
1 0.323299 0.662859 0.111050 0.096588
1 0.159005 0.600329 0.060392 0.021882
1 0.369122 0.647059 0.540752 0.240000