1 0.600813 0.551922 0.012625 0.093514
1 0.626320 0.586875 0.013328 0.010778
1 0.422102 0.584870 0.029766 0.010024
1 0.402117 0.547677 0.024391 0.121156
1 0.506094 0.593715 0.024875 0.023042
1 0.549211 0.554257 0.026141 0.083939
1 0.780469 0.538432 0.021500 0.108184
1 0.712242 0.546509 0.032516 0.095142
1 0.244156 0.549965 0.022625 0.123325
1 0.056469 0.576616 0.028031 0.063467
1 0.366242 0.549540 0.016547 0.102241
1 0.337000 0.557677 0.023875 0.059363
1 0.211281 0.539906 0.024969 0.097406
1 0.438281 0.548349 0.835938 0.139151