1 0.534820 0.944075 0.058516 0.031569
1 0.147836 0.840855 0.028172 0.068220
1 0.374492 0.823454 0.061578 0.039836
1 0.510953 0.815925 0.047750 0.018454
1 0.593383 0.840972 0.039109 0.015902
1 0.777805 0.827389 0.035984 0.011265
1 0.836313 0.828033 0.040750 0.019016
1 0.898805 0.854145 0.054516 0.021639
1 0.939867 0.820597 0.037891 0.016604
1 0.778594 0.849415 0.048094 0.013724
1 0.500805 0.890129 0.072484 0.037026
1 0.070898 0.842518 0.040109 0.006534
1 0.724344 0.799930 0.024094 0.006323
1 0.598437 0.825527 0.793750 0.081967