0 0.686499 0.742125 0.035433 0.024469
0 0.583185 0.913750 0.061311 0.028625
0 0.606464 0.890062 0.041499 0.054312
0 0.752295 0.850281 0.066464 0.039781
0 0.703548 0.847703 0.040070 0.030781
0 0.647658 0.811297 0.051522 0.038469
0 0.604883 0.809531 0.028548 0.033313
0 0.411159 0.735281 0.033326 0.031000
0 0.734789 0.785828 0.038571 0.040313
0 0.549731 0.772805 0.054450 0.030828
0 0.383829 0.575781 0.028642 0.020688
0 0.408923 0.633937 0.030820 0.020563
0 0.388946 0.676477 0.034567 0.019422
0 0.319555 0.750578 0.025340 0.043469
0 0.392342 0.768930 0.032506 0.032172
0 0.763923 0.929750 0.064473 0.049469
0 0.526815 0.674703 0.065574 0.027156
0 0.579602 0.803961 0.043747 0.041797
0 0.876007 0.914414 0.064145 0.038297
0 0.295234 0.704328 0.057026 0.031469
0 0.325597 0.828250 0.056815 0.026687
0 0.397927 0.863305 0.043489 0.021172
0 0.518724 0.728578 0.035948 0.030312
0 0.428876 0.587219 0.008946 0.008250
0 0.533958 0.777344 0.843091 0.442188