0 0.786578 0.157155 0.017500 0.023566
0 0.808594 0.092544 0.023750 0.024263
0 0.827961 0.043542 0.040422 0.031204
0 0.632219 0.092552 0.018750 0.023138
0 0.654250 0.027726 0.025969 0.023788
0 0.903320 0.123494 0.032203 0.023597
0 0.747437 0.057900 0.023594 0.022900
0 0.588375 0.058296 0.023875 0.022235
0 0.693227 0.091513 0.044203 0.044834
0 0.942164 0.066490 0.021141 0.019794
0 0.741953 0.123471 0.019312 0.018796
0 0.525516 0.221410 0.032937 0.026371
0 0.844578 0.208922 0.039062 0.040254
0 0.854688 0.175119 0.221875 0.286846