0 0.119422 0.444169 0.037250 0.070504
0 0.166586 0.456902 0.035891 0.063577
0 0.821008 0.971801 0.072859 0.043149
0 0.824938 0.939219 0.105281 0.065290
0 0.812594 0.551801 0.037844 0.081335
0 0.933273 0.931562 0.086516 0.078640
0 0.653805 0.750000 0.101828 0.079899
0 0.861773 0.616688 0.092828 0.051965
0 0.803734 0.491398 0.073375 0.040882
0 0.106188 0.362242 0.020656 0.036071
0 0.735367 0.480378 0.021453 0.054005
0 0.116359 0.325013 0.034406 0.034156
0 0.025391 0.397607 0.038625 0.055164
0 0.509375 0.395466 0.962500 0.473552