0 0.219469 0.769878 0.021094 0.045232
0 0.065969 0.701149 0.042625 0.129095
0 0.333648 0.757934 0.043234 0.075379
0 0.378617 0.753105 0.039703 0.070122
1 0.238898 0.318570 0.186016 0.090978
1 0.053812 0.358912 0.025562 0.069609
1 0.607992 0.328020 0.085141 0.057555
1 0.451531 0.336907 0.167344 0.033863
0 0.306445 0.735196 0.020953 0.080171
0 0.400344 0.759254 0.025031 0.035917
0 0.505461 0.757017 0.022484 0.048264
0 0.341859 0.737384 0.022406 0.026357
0 0.333602 0.725831 0.014266 0.026235
0 0.528078 0.747200 0.040063 0.057188
0 0.452227 0.721968 0.017172 0.024621
0 0.405336 0.720122 0.013766 0.032469