1 0.624100 0.170105 0.074840 0.035946
1 0.790700 0.163844 0.050240 0.041441
1 0.579180 0.164414 0.026120 0.027928
1 0.426560 0.160931 0.030080 0.015495
1 0.183910 0.149970 0.040580 0.024685
1 0.143480 0.148889 0.051440 0.018919
1 0.061740 0.138183 0.018680 0.025916
1 0.380700 0.137793 0.031000 0.045195
1 0.508920 0.154655 0.019000 0.023183
1 0.688220 0.165090 0.045280 0.050060
1 0.918770 0.164069 0.018180 0.022913
1 0.301360 0.142012 0.033280 0.040721
1 0.240290 0.136231 0.032740 0.040450
1 0.491000 0.151652 0.978000 0.081081