0 0.600789 0.344906 0.006203 0.012582
0 0.563805 0.360211 0.017547 0.016901
0 0.526477 0.362066 0.028703 0.028028
0 0.646148 0.360915 0.015328 0.014178
0 0.471867 0.362066 0.012859 0.012864
0 0.473086 0.341162 0.009641 0.013404
0 0.495484 0.347676 0.015219 0.016526
0 0.568305 0.343216 0.007141 0.007230
0 0.716539 0.363286 0.009391 0.009014
0 0.756063 0.363603 0.007531 0.007535
0 0.638375 0.340352 0.012188 0.010939
0 0.519180 0.351808 0.014609 0.014695
0 0.579961 0.348122 0.007953 0.009859
0 0.553906 0.355634 0.198437 0.053991