1 0.397117 0.930899 0.132422 0.122931
1 0.511422 0.941872 0.100594 0.116256
1 0.624766 0.940899 0.114625 0.118202
1 0.748422 0.553941 0.116906 0.869655
1 0.959477 0.700628 0.079422 0.267020
1 0.876820 0.501466 0.094047 0.649384
1 0.579914 0.783313 0.099141 0.072685
1 0.485070 0.732586 0.091828 0.198571
1 0.253711 0.436453 0.093453 0.103202
1 0.386617 0.636207 0.091297 0.340739
1 0.280383 0.938276 0.156641 0.093842
1 0.280805 0.862759 0.110672 0.100345
1 0.759492 0.779877 0.109891 0.092956
1 0.499219 0.501232 0.998437 0.992611