0 0.525866 0.245261 0.345621 0.420294
0 0.677010 0.915139 0.015490 0.020114
0 0.787034 0.853627 0.019624 0.012712
1 0.158840 0.838023 0.317680 0.261732
1 0.386838 0.628660 0.395082 0.257582
1 0.183145 0.565735 0.348317 0.303366
1 0.927761 0.750000 0.144477 0.327320
0 0.478652 0.976405 0.062925 0.024706
0 0.744395 0.914477 0.027549 0.018105
0 0.609902 0.937655 0.026438 0.020801
0 0.698431 0.859175 0.026569 0.014886
0 0.506225 0.923113 0.036176 0.019559
0 0.624722 0.829216 0.017974 0.008987
0 0.585065 0.860441 0.027778 0.016405
0 0.653448 0.848039 0.020948 0.015000
0 0.609199 0.877239 0.032092 0.020000
0 0.411544 0.917092 0.030605 0.017647
0 0.695261 0.826797 0.299020 0.294118