0 0.130953 0.429660 0.075844 0.115110
0 0.161141 0.499353 0.078031 0.061776
0 0.441891 0.573103 0.037406 0.046820
0 0.324086 0.517686 0.029984 0.036864
0 0.697773 0.354123 0.080641 0.055439
0 0.362922 0.538575 0.057531 0.044035
0 0.382281 0.520384 0.050156 0.043838
0 0.591539 0.516436 0.024578 0.033048
0 0.666742 0.570055 0.037484 0.019803
0 0.948438 0.467675 0.045687 0.063026
0 0.269055 0.320164 0.130641 0.072478
0 0.428039 0.280285 0.059734 0.040746
0 0.463055 0.560143 0.023078 0.047259
0 0.499219 0.313596 0.998437 0.627193