1 0.514539 0.705843 0.020359 0.009391
1 0.493273 0.699251 0.021984 0.007400
1 0.533781 0.716874 0.018500 0.006159
1 0.442563 0.701487 0.019969 0.009578
1 0.414352 0.690691 0.033922 0.026956
1 0.567859 0.706909 0.009094 0.017611
1 0.580695 0.698501 0.012547 0.004309
1 0.451930 0.716042 0.017797 0.010773
1 0.468820 0.699824 0.015922 0.005972
1 0.538828 0.734859 0.020875 0.018618
1 0.481422 0.706101 0.020281 0.012717
1 0.515461 0.700363 0.011328 0.008033
1 0.263156 0.721089 0.011406 0.011218
1 0.307031 0.713115 0.260937 0.035129