1 0.351234 0.701125 0.100000 0.067917
1 0.290844 0.261854 0.019156 0.012250
1 0.233172 0.649271 0.087125 0.046750
1 0.173422 0.611021 0.096094 0.035667
1 0.167820 0.641583 0.034359 0.039792
1 0.431609 0.619396 0.032844 0.028958
1 0.634297 0.257698 0.012000 0.022104
1 0.609141 0.754729 0.055531 0.083708
1 0.912242 0.723979 0.035234 0.065042
1 0.345281 0.624198 0.076531 0.047479
1 0.812320 0.263823 0.010672 0.016271
1 0.793227 0.783198 0.058766 0.093813
1 0.528727 0.709583 0.035609 0.065583
1 0.494531 0.263542 0.782813 0.060417