0 0.583516 0.898573 0.116375 0.081896
0 0.444000 0.894073 0.082844 0.088937
0 0.355977 0.946771 0.050203 0.103500
0 0.389992 0.930573 0.018516 0.050146
0 0.500125 0.955687 0.076531 0.088625
0 0.801430 0.741969 0.098734 0.182646
0 0.646242 0.765635 0.131047 0.148396
0 0.926578 0.980583 0.059781 0.038833
0 0.584539 0.597417 0.038391 0.043583
0 0.611016 0.608729 0.014844 0.020792
0 0.642062 0.546219 0.038062 0.053396
0 0.541516 0.773469 0.109125 0.099521
0 0.617922 0.308052 0.063469 0.103354
0 0.672656 0.717708 0.564063 0.431250