1 0.371600 0.203987 0.036440 0.015547
1 0.231650 0.201160 0.036660 0.018800
1 0.080910 0.210307 0.018100 0.009733
1 0.587730 0.179027 0.024140 0.052667
1 0.556360 0.204827 0.014320 0.011787
1 0.748270 0.181507 0.023940 0.068240
1 0.810980 0.183240 0.016200 0.058640
1 0.624830 0.203053 0.027980 0.010960
1 0.184470 0.196987 0.005940 0.019787
1 0.917590 0.189373 0.016660 0.069147
1 0.482420 0.164093 0.034480 0.099067
1 0.205490 0.205787 0.016340 0.013227
1 0.456110 0.165240 0.025540 0.083333
1 0.341000 0.174667 0.642000 0.098667