0 0.272937 0.487066 0.021813 0.066854
0 0.304414 0.535763 0.020047 0.037723
0 0.552117 0.517641 0.045922 0.051573
0 0.632578 0.344730 0.052812 0.063075
0 0.660281 0.467594 0.039031 0.043592
0 0.425656 0.311373 0.102844 0.126596
0 0.527492 0.667746 0.064422 0.096761
0 0.801391 0.567617 0.083406 0.092559
0 0.950937 0.278345 0.098125 0.127582
0 0.582367 0.234225 0.074734 0.085869
0 0.727008 0.303756 0.061172 0.124131
0 0.798992 0.366491 0.062516 0.072746
0 0.832602 0.522441 0.078328 0.075822
0 0.759891 0.862829 0.049531 0.074437
0 0.385820 0.168462 0.037547 0.102136
0 0.542188 0.498826 0.912500 0.997653