1 0.606101 0.721352 0.787799 0.368547
1 0.500000 0.483148 1.000000 0.229203
1 0.200410 0.831461 0.400820 0.337078
1 0.436171 0.375281 0.575948 0.089875
1 0.544391 0.282695 0.493091 0.070078
1 0.615480 0.233953 0.168478 0.012781
1 0.811335 0.379437 0.287728 0.082719
1 0.633677 0.261695 0.215457 0.023422
1 0.540972 0.187602 0.103489 0.020016
1 0.815258 0.167602 0.093326 0.081859
1 0.921862 0.189766 0.143162 0.018719
1 0.427799 0.335633 0.817705 0.094766
1 0.739215 0.222164 0.215199 0.015797
1 0.483607 0.260937 0.653396 0.134375