0 0.402164 0.884636 0.048516 0.085126
0 0.290063 0.847745 0.090000 0.089888
0 0.357414 0.828193 0.065109 0.091176
0 0.357836 0.780056 0.066047 0.054062
0 0.639500 0.956317 0.073188 0.084174
0 0.674875 0.785504 0.050406 0.049384
0 0.334117 0.736555 0.051797 0.067731
0 0.388578 0.761905 0.050531 0.075798
0 0.860680 0.926120 0.069578 0.056218
0 0.562297 0.846078 0.066062 0.096919
0 0.925008 0.828852 0.045078 0.049020
0 0.286320 0.808501 0.077578 0.058796
0 0.740742 0.867283 0.039547 0.070196
0 0.499219 0.838936 0.998437 0.316527