0 0.719470 0.340507 0.026620 0.034133
0 0.636540 0.364093 0.037880 0.021573
0 0.793740 0.227320 0.068040 0.032400
0 0.042230 0.212360 0.074500 0.022640
1 0.894560 0.782307 0.210880 0.303867
1 0.301520 0.817560 0.603040 0.340080
0 0.146670 0.368560 0.029260 0.015093
1 0.631500 0.717213 0.355560 0.097787
1 0.690160 0.824120 0.228720 0.228720
0 0.426310 0.540387 0.027580 0.043120
0 0.529070 0.563507 0.031580 0.033893
1 0.614170 0.787240 0.067620 0.135600
0 0.567130 0.460573 0.068260 0.027813
0 0.951480 0.149733 0.039080 0.030400
0 0.987240 0.389733 0.025520 0.026933
0 0.697020 0.620707 0.016320 0.027173
0 0.715190 0.467280 0.020060 0.024053
0 0.978830 0.022520 0.042340 0.018693
0 0.454000 0.328000 0.908000 0.650667