0 0.347340 0.760906 0.019441 0.028313
0 0.398602 0.777609 0.039855 0.026594
0 0.923157 0.109680 0.153685 0.154828
0 0.416853 0.679406 0.033292 0.018406
0 0.701905 0.669687 0.022940 0.015438
0 0.296097 0.612008 0.051988 0.027922
0 0.139400 0.524414 0.108033 0.094234
0 0.779306 0.680023 0.027805 0.022859
0 0.373240 0.705977 0.020932 0.015078
0 0.259596 0.947141 0.060766 0.043531
0 0.508271 0.686563 0.011159 0.012438
0 0.446677 0.654828 0.020186 0.015031
0 0.654182 0.809195 0.027371 0.029391
0 0.545518 0.660852 0.038323 0.042359
0 0.659058 0.719445 0.026190 0.022859
0 0.404617 0.659750 0.013375 0.008656
0 0.342350 0.723609 0.022381 0.017969
0 0.496190 0.779336 0.043271 0.025953
0 0.469265 0.795992 0.036791 0.027047
0 0.287536 0.890055 0.116770 0.063516
0 0.205352 0.800398 0.016625 0.025703
0 0.293468 0.789305 0.031159 0.029797
0 0.833747 0.706734 0.029772 0.024719
0 0.501532 0.749703 0.017805 0.019094
0 0.500000 0.444531 0.995859 0.845313