0 0.240445 0.840283 0.070984 0.115410
0 0.171820 0.815967 0.064703 0.125566
0 0.156336 0.777041 0.074922 0.120605
0 0.736617 0.792500 0.109641 0.107070
0 0.401687 0.476914 0.104438 0.070508
0 0.084297 0.874043 0.034063 0.075898
0 0.359547 0.846895 0.048031 0.119414
0 0.105578 0.676973 0.053344 0.042227
0 0.617250 0.816260 0.093156 0.128613
0 0.520953 0.798594 0.095031 0.116641
0 0.326094 0.832588 0.053094 0.095020
0 0.552812 0.714609 0.030562 0.058438
0 0.504219 0.852861 0.119000 0.137754
0 0.618281 0.749219 0.041906 0.080781
0 0.088297 0.775254 0.058719 0.106328
0 0.291961 0.812314 0.042891 0.105332
0 0.400000 0.613281 0.550000 0.480469