1 0.207367 0.877266 0.414047 0.245467
1 0.813828 0.673750 0.142063 0.057593
1 0.840930 0.614895 0.111516 0.066332
1 0.923414 0.583166 0.067328 0.019369
1 0.057523 0.456016 0.068328 0.293762
1 0.131445 0.484965 0.127016 0.229322
1 0.763766 0.682967 0.182938 0.066262
1 0.790930 0.737371 0.209516 0.107921
1 0.197625 0.503306 0.066406 0.182407
1 0.907813 0.599965 0.179875 0.060678
1 0.256867 0.554299 0.089078 0.071682
1 0.374695 0.551671 0.082734 0.057453
1 0.305961 0.549381 0.071797 0.070164
1 0.542969 0.427570 0.910937 0.308411