0 0.136844 0.275042 0.021094 0.022000
0 0.156758 0.290187 0.019953 0.033083
0 0.169977 0.292198 0.016047 0.023104
0 0.207328 0.300656 0.021219 0.031479
0 0.240344 0.293854 0.011625 0.026000
0 0.283883 0.289646 0.026016 0.031708
0 0.031328 0.286177 0.009969 0.023979
0 0.033516 0.343927 0.019594 0.025562
0 0.542188 0.354542 0.018375 0.050083
0 0.263930 0.301698 0.012641 0.017146
0 0.016633 0.294219 0.018797 0.014229
0 0.135727 0.292885 0.012516 0.014521
0 0.279906 0.312792 0.017750 0.016625
0 0.113281 0.294792 0.223438 0.039583