1 0.312297 0.721530 0.135469 0.054089
1 0.465289 0.656028 0.193391 0.096215
1 0.587031 0.638481 0.161969 0.132243
1 0.639727 0.617243 0.175141 0.107617
1 0.081906 0.770783 0.154781 0.080911
1 0.461133 0.442196 0.154422 0.314346
1 0.242359 0.586659 0.376563 0.070327
1 0.337430 0.666308 0.360016 0.139159
1 0.127375 0.727979 0.245875 0.076612
1 0.690914 0.587967 0.096047 0.083271
1 0.303297 0.543867 0.169437 0.074276
1 0.113609 0.734907 0.151656 0.069860
1 0.209125 0.612465 0.162625 0.096472
1 0.350000 0.379673 0.696875 0.698598