0 0.641980 0.342205 0.033240 0.048118
0 0.342340 0.401039 0.087240 0.087528
0 0.250320 0.500787 0.104200 0.084382
0 0.045700 0.542823 0.074040 0.061264
0 0.848550 0.202809 0.072420 0.089775
0 0.635350 0.330941 0.017020 0.036208
0 0.615000 0.330421 0.015000 0.028933
0 0.227020 0.245028 0.042080 0.137584
0 0.846860 0.536489 0.025800 0.030281
0 0.808840 0.484396 0.037320 0.032612
0 0.489000 0.299705 0.041000 0.059803
0 0.899220 0.284256 0.082160 0.099242
0 0.374680 0.283104 0.028320 0.037107
0 0.689000 0.366573 0.470000 0.424157