0 0.550630 0.459296 0.057980 0.051766
0 0.593620 0.398533 0.074680 0.023114
0 0.392890 0.540853 0.058900 0.066677
0 0.657630 0.430913 0.050060 0.021407
0 0.439210 0.594865 0.040020 0.057096
0 0.687670 0.527814 0.051540 0.025090
0 0.743770 0.551048 0.052060 0.021198
0 0.769180 0.511048 0.092280 0.034072
0 0.717350 0.062305 0.087260 0.034251
1 0.196410 0.637949 0.392820 0.652605
0 0.698580 0.426796 0.257600 0.047246
0 0.300220 0.252874 0.028880 0.014850
0 0.151770 0.392575 0.027540 0.042275
0 0.207350 0.437560 0.032900 0.024641
0 0.388310 0.470644 0.030620 0.030928
0 0.337060 0.371422 0.084200 0.049251
0 0.164020 0.258832 0.031080 0.037485
0 0.451000 0.333832 0.898000 0.667665